var label = new Array();
label[0] = [7, 41, 0, 78, 8, 30, 99, 73, 110, 10, 22, 21, 48, 31, 37, 45, 52, 9];
label[1] = [2, 28, 23, 50, 14, 79, 46, 34, 19, 32, 8, 95, 7, 93, 48];
label[2] = [50, 2, 10, 79, 14, 28, 26, 88, 51, 34, 19, 71, 8, 55, 86, 43];
label[3] = [7, 10, 26, 21, 37, 88, 25];
label[4] = [40, 15, 73, 7, 8, 48, 0, 30, 41, 10, 14, 25, 89, 44, 26, 36, 52];
label[5] = [2, 88, 56, 95, 14, 51, 69, 19, 70, 96];
label[6] = [21, 44, 26, 7, 0, 10, 28, 30, 45, 52, 6, 31, 36, 41, 43, 110, 8];
label[7] = [2, 8, 10, 29, 79, 14, 68, 37, 28, 52, 50];
label[8] = [10, 48, 7, 105, 15, 84, 0];
label[9] = [29, 2, 37, 52, 7, 31, 17, 14, 79, 22, 50, 95, 10, 21, 58];
label[10] = [8, 10, 31, 7, 28, 30, 0, 44, 48];
label[11] = [14, 2, 25, 51, 32, 79, 28, 22, 88, 102, 73, 74, 95, 105, 69];
label[12] = [2, 15, 95, 9, 88, 14, 19, 86, 28, 79];
label[13] = [51, 48, 68, 2, 50, 14, 32, 95, 58, 73, 79];
label[14] = [28, 30, 106, 0, 10, 15, 44, 45, 48, 8, 52, 7, 90, 41, 88];
label[15] = [0, 2, 14, 67];
label[16] = [7, 30, 95, 0, 52, 18, 44, 41, 8, 10, 31, 21, 48, 5, 20, 14, 26, 50, 56];
label[17] = [2, 95, 32, 10, 37, 7, 14, 69];
label[18] = [2, 95, 10, 22, 31, 48, 52, 7, 28, 36, 79, 0, 15, 89, 25, 43, 26, 23, 14, 83, 41, 88];
label[19] = [14, 2, 31, 37, 10];
label[20] = [28, 7, 10, 43, 73, 48, 96, 84, 30, 0, 21, 44, 68, 98, 118, 22, 105, 31, 45, 41, 8, 37, 78, 52, 110, 89];
label[21] = [2, 14, 31, 32, 76, 95, 29, 28, 96, 83, 19, 22, 59, 34];
label[22] = [52, 25, 0, 8, 7, 51, 2, 79, 24, 37, 48, 50, 32, 72, 10, 105, 28, 31, 14, 22, 68, 98, 41, 95, 44, 58, 84, 19, 36, 88, 21, 49, 34, 59, 69, 17, 90, 104, 13, 30, 26];
label[23] = [7, 10, 2];
label[24] = [2, 14, 79, 50, 83, 51, 52];
label[25] = [56, 7, 31, 37, 0, 21, 2, 10, 105, 141, 48, 50, 52, 26, 36, 55];
label[26] = [2, 68, 118, 14, 25, 32, 19, 0];
label[27] = [56, 7, 99, 2, 88, 14, 105, 10, 95, 28, 9, 62, 84, 41, 51, 45, 79, 31, 25, 35, 96, 8, 50, 52, 0, 36, 76, 19, 61, 23, 69, 4, 123, 30];
label[28] = [14, 2, 19, 32, 51, 79, 31];
label[29] = [7, 10, 50, 65, 28, 51, 2, 48, 95, 0, 31, 56];
label[30] = [7, 2, 10, 21, 0, 48];
label[31] = [7, 14, 95, 10, 26, 19, 2, 51, 32, 84, 68, 8, 0, 29, 43];
label[32] = [10, 28, 7, 41, 0, 8, 141, 48, 2];
label[33] = [0, 30, 8, 45, 98, 18, 17, 52, 22, 105, 37, 7, 44, 25, 41, 73, 10, 26, 2, 21, 110, 19, 23, 28, 106, 14];
label[34] = [7, 2, 45, 48, 73, 10, 106, 28, 30, 8, 0, 98, 31, 19, 14, 21, 84, 52, 25];
label[35] = [0, 14, 2, 28, 121, 25, 18, 79, 30, 61, 68, 34, 32, 51, 7, 5, 95, 52, 84, 31, 39, 48, 50, 49];
label[36] = [8, 0, 123, 28, 14, 79, 25, 84, 95, 68, 2, 51, 83, 10, 52, 3, 17, 7, 89, 1, 98, 38, 48];
label[37] = [95, 2, 100, 23, 105, 10, 51, 43, 46, 0, 14, 29, 26, 25, 28, 79, 69];
label[38] = [2, 68, 86, 18, 121, 42, 41, 61, 36, 14, 7, 95, 28, 79, 51, 32, 25, 19, 102, 84, 49, 69, 10];
label[39] = [2, 28, 14, 102, 51, 96, 34, 32, 7, 84, 79, 12, 25, 49, 52, 5, 95];
label[40] = [52, 90, 10, 7, 31];
label[41] = [58, 7, 36, 14, 2, 31, 28, 17, 79, 51, 44, 9, 29, 56, 26, 10, 13, 18, 25];
label[42] = [78, 10, 7, 25, 28, 31, 37, 48, 30, 44, 41, 0, 110, 26, 90, 73, 2, 17, 52, 14, 21, 8];
label[43] = [2, 14, 29, 88, 19, 51, 79, 95, 31, 25, 10, 20, 18, 37, 7, 28, 106, 17, 9, 0, 61, 49, 55, 36, 102, 86, 69, 5, 56];
label[44] = [17, 2, 14, 28, 32, 25, 12, 79, 34, 18, 84, 20, 48, 31, 56];
label[45] = [28, 10, 2, 8, 78, 14, 7, 141, 31, 17];
label[46] = [7, 0, 30, 78, 10, 52, 17, 8, 22, 151, 31, 41, 48, 2, 14, 50];
label[47] = [7, 78, 26, 52, 0, 10, 48, 88];
label[48] = [39, 95, 2, 14, 28, 19, 32, 79, 83, 25, 51, 102, 29, 31];
label[49] = [65, 95, 10, 7, 2, 14, 28, 19, 102, 92];
label[50] = [28, 2, 50, 79, 95, 114, 14, 102, 55, 49, 51];
label[51] = [7, 37, 28, 48, 30, 68, 56, 0, 2, 17, 21, 53, 78, 59, 84, 36, 10, 26, 31, 58, 73, 8, 22, 44];
label[52] = [2, 56, 14, 32, 67, 51, 9, 19, 95, 79, 8, 52];
label[53] = [10, 28, 31, 37, 48, 7, 0, 30, 15, 36, 21, 78, 90, 41, 43];
label[54] = [25, 2, 32, 28, 14, 42, 56, 7, 79, 95, 51, 89, 23, 8, 5, 88, 55];
label[55] = [73, 48, 10, 105, 2, 28, 30, 41, 45, 7, 0, 21, 22, 42, 84, 8, 44, 68];
label[56] = [56, 2, 84, 50, 9, 95, 28, 25, 14, 51, 79, 61, 32, 29, 19, 5, 23, 90];
label[57] = [10, 95, 12, 8, 7, 2, 14, 102, 32, 22, 64, 19, 67, 79, 59, 51, 49, 76, 9, 88, 89, 28];
label[58] = [14, 2, 51, 61, 95, 25, 79, 102, 19, 31, 32];
label[59] = [2, 17, 41, 55, 9, 15, 14, 31, 79, 95, 52, 8, 37, 76, 50];
label[60] = [2, 8, 14, 62, 95, 30, 52, 19, 10, 48, 89, 20, 141, 105, 88, 36, 51, 102, 28, 61, 32, 34, 79, 12, 23, 7];
label[61] = [14, 2, 79, 17, 8, 31, 5, 32, 61, 12, 34, 51, 49, 19, 25, 36, 141, 10, 89, 95, 52, 88, 56, 86, 84, 29, 60];
label[62] = [56, 2, 102, 95, 79, 51, 28, 14, 7, 19, 61, 32, 67, 49, 50];
label[63] = [14, 31, 2, 32, 28, 121, 50, 79, 7, 51, 25, 69];
label[64] = [12, 51, 7, 26, 10, 43, 8, 14, 78, 2, 25, 94];
label[65] = [0, 8, 10, 7, 1, 45, 44, 25, 69, 68, 43, 31, 22, 24, 84, 28, 98, 37];
label[66] = [18, 2, 12, 14, 25, 28, 49, 84, 101, 59, 34, 32];
label[67] = [31, 7, 10, 2];
label[68] = [2, 31, 14, 21];
label[69] = [7, 21, 34, 51, 65, 37, 95, 73];
label[70] = [7, 31, 65, 10, 67];
label[71] = [48, 18, 25, 7, 43, 45, 8, 0, 30, 41, 37, 10, 44, 73, 105, 2, 21, 46, 110];
label[72] = [7, 78, 31, 10, 28, 48, 30];
label[73] = [7, 73, 10, 0, 48, 31, 8, 52, 41, 37, 45, 21];
label[74] = [7, 2, 141, 19, 34, 51, 14, 29, 10, 50, 92, 79, 86, 56];
label[75] = [7, 79, 21, 52, 48, 10, 41, 36, 31];
label[76] = [10, 32, 39, 95, 58, 2, 61, 79, 14, 55, 25, 150, 26];
label[77] = [61, 2, 39, 14, 79, 124, 28, 26, 68, 30, 102, 10, 20, 25, 0, 48, 36, 52, 18];
label[78] = [31, 7, 95, 2, 79, 14, 61, 51, 25, 89, 84, 55, 52, 10];
label[79] = [2, 26, 50, 36, 30, 14, 51, 61, 79, 62, 31, 103, 88, 32, 39, 102, 34, 25, 9, 95, 8, 28, 0, 48, 7, 52];
label[80] = [60, 31, 14, 95, 2, 51, 29, 19, 83, 65, 28, 79, 49, 69, 61, 7, 0];
label[81] = [7, 78, 21, 0, 10, 48, 46, 52, 56, 8, 30, 2];
label[82] = [50, 102, 2, 28, 14, 121, 19, 48, 78, 56, 84, 51, 61];
label[83] = [10, 7, 0, 28, 2, 36, 4, 5, 46, 72, 42, 32, 59];
label[84] = [2, 59, 60, 14, 95, 89, 23, 12, 10, 79, 34, 25, 61, 19, 37];
label[85] = [2, 79, 4, 14, 7, 10, 34, 73, 9, 8, 28];
label[86] = [2, 88, 95, 36, 18, 10, 7, 14, 79, 60, 25, 32, 51, 4, 30, 118, 52, 56, 61, 68];
label[87] = [2, 41, 56, 0, 14, 51, 19, 61, 79, 59, 94, 5, 8, 17, 55, 69, 50, 52];
label[88] = [97, 14, 6, 95, 7, 86, 2, 88, 71, 19, 25, 79, 51];
label[89] = [2, 29, 0, 95, 7, 62, 46, 61, 14, 79, 36, 51, 19, 102, 106, 26, 10, 32];
label[90] = [2, 4, 8, 25, 14, 51, 49, 88, 9, 102, 79, 32, 95, 28, 29, 83, 7];
label[91] = [10, 28, 31, 2, 26, 37];
label[92] = [31, 9, 2, 10, 37, 14];
label[93] = [88, 97, 2, 28, 14, 139, 105, 36, 51, 30, 64, 10, 58, 89, 31, 0, 8, 21, 25, 19, 34, 55, 79, 95, 18, 42, 20, 43, 7, 12, 84, 141, 61, 32, 67, 17, 4, 50, 93, 59, 109, 5, 29, 52, 48];
label[94] = [2, 14, 31, 7, 69, 79, 83, 84, 8, 51, 95, 50, 96, 73, 0, 19, 52, 55, 105, 109, 86, 34, 28, 61, 10, 9, 36, 25, 17];
label[95] = [2, 14, 8, 0, 28, 43, 60, 55, 34, 52, 95, 7, 58, 79, 86, 19, 9, 121, 51];
label[96] = [31, 2, 37, 10, 14];
label[97] = [52, 31, 37, 22, 28, 50, 34, 25, 19, 14, 2, 51, 79, 84, 110, 7, 45, 78, 0];
label[98] = [2, 25, 10, 26, 48, 15, 41, 44, 14, 79, 102, 64, 51];
label[99] = [2, 50, 0, 3, 69, 14, 79, 51, 89, 64, 7, 48, 8, 28, 52];
label[100] = [14, 95, 2, 51, 19, 32, 34, 10, 7, 79, 28, 46, 31, 5, 1, 88, 37];
label[101] = [0, 7, 10, 52, 78, 43, 26, 31, 19, 8, 2, 14, 17, 79, 22, 95, 44, 28, 30, 41, 106, 61, 51, 73, 89, 34, 83, 37, 32, 88];
label[102] = [8, 10, 0, 41, 89, 44, 90, 36, 30, 48, 7, 31, 37, 45, 105];
label[103] = [7, 2, 79, 14, 10, 95, 73, 48, 28, 31, 109, 30, 88, 32, 51, 69, 50];
label[104] = [95, 2, 19, 14, 34, 12, 51, 79, 46, 49];
label[105] = [2, 41, 95, 51, 86, 32, 69, 79, 84, 30, 7, 14, 28];
label[106] = [56, 95, 14, 48, 73, 2, 19, 79, 76, 32, 61, 75, 54, 7, 8, 89, 9, 94, 21, 34, 22, 88, 106];
label[107] = [90, 12, 14, 2, 79, 19, 61, 52, 50, 32, 57, 84, 68, 36, 43, 20];
label[108] = [0, 32, 2, 14, 19, 95, 8, 45, 89, 10];
label[109] = [21, 52, 54, 2, 0, 48, 25, 14, 98, 61, 86, 44, 8, 69, 79, 34, 64, 1, 95, 53];
label[110] = [14, 2, 28, 78, 61, 79, 32, 19, 7, 51, 48, 34, 37, 17, 52, 56];
label[111] = [2, 14, 34, 95, 10, 105, 48, 7, 30, 22, 24, 37, 43, 44];
label[112] = [2, 14, 7, 32, 51, 29, 36, 43, 53];
label[113] = [78, 10, 30, 52, 8, 7, 43, 36, 0, 21, 22, 45, 41, 18, 84, 98, 14, 26, 17, 2, 48, 105, 25, 44, 56, 37];
label[114] = [10, 30, 41, 48, 68, 105, 7, 37, 2, 26, 18, 52, 69];
label[115] = [7, 0, 21, 37, 43, 68, 15, 52, 89, 10, 2, 29, 28, 31, 8, 44, 36, 18, 9];
label[116] = [28, 2, 50, 52, 4, 8, 95, 83, 0, 25, 79, 14, 51, 71];
label[117] = [7, 9, 5, 57, 4, 30, 2, 37, 29, 14, 0, 36, 17, 44, 88, 58, 26, 121, 27, 25, 122, 28];
label[118] = [48, 7, 2, 90, 14, 73, 36, 25, 88, 51, 19, 20, 61, 31, 15, 79, 86, 49, 32, 28, 17, 0, 9, 52, 37, 95, 22, 84, 109, 102, 39, 105, 121, 10, 69, 98, 30, 34, 141, 50];
label[119] = [56, 2, 7, 89, 14, 79, 19, 49, 29, 34, 51, 44, 36, 61, 25, 32, 64, 8, 42, 17, 50, 88, 78, 103, 90, 28, 37, 121, 46, 24, 23, 95, 52, 126, 104, 106, 105, 18, 31, 22, 69, 10, 48, 0, 58];
label[120] = [14, 2];
label[121] = [28, 2, 58, 79, 14, 90, 7, 84, 34, 12, 32, 22, 37, 20, 105, 109, 25, 31, 39, 36, 95, 17, 86, 98];
label[122] = [56, 95, 25, 30, 65, 75, 14, 102, 2, 79, 61, 90, 31, 34, 32, 51, 84, 7, 28];
label[123] = [0, 61, 28, 51, 26, 8, 95, 20, 2, 72, 73, 79, 19, 21, 48, 14, 52, 50, 12, 7, 56, 58, 70, 103, 88];
label[124] = [14, 25, 51, 2, 90, 28, 39, 31, 79, 5, 95, 109, 20, 141, 22, 32, 7, 104, 50, 52];
label[125] = [10, 7, 0, 98, 48, 28, 36, 9, 41, 73];
label[126] = [2, 28, 36, 41, 50, 52, 14, 95, 69, 60, 84, 79, 39, 15, 68, 20, 12, 25, 37, 51, 19, 102, 141];
label[127] = [8, 79, 26, 7, 96, 0, 41, 58, 37, 44, 21, 43, 30, 4, 10, 29, 28, 15, 34, 2, 14, 32, 25, 48, 51, 73, 84, 46, 89, 105, 6, 52, 95, 121, 88, 18, 40, 36, 78, 109, 31, 22];
label[128] = [36, 30, 0, 89, 45, 8, 7, 44, 10, 105, 2, 28, 31, 41, 48, 50, 6, 68, 73, 17, 24];
label[129] = [10, 58, 7, 73, 68, 0, 52, 119, 150, 48, 46, 21, 30, 22, 41];
label[130] = [7, 0, 21, 30, 1, 73, 25, 22, 8, 76, 41, 18, 10, 48, 28, 31, 15, 26, 37, 63, 110];
label[131] = [5, 0, 10, 103, 105, 18, 20, 22, 26, 28, 36, 42, 46, 48, 50, 52, 7, 8, 9, 43];
label[132] = [0, 30, 52, 41, 7, 10, 2, 51, 14, 79, 13, 8, 36, 31, 48, 28, 68, 73, 95, 20, 50, 118, 84, 78, 9, 37, 141, 18, 43, 90, 26, 5, 64, 102, 34, 49, 55, 105, 22, 15];
label[133] = [29, 43, 44, 55, 140, 8, 7, 41, 0, 36, 10, 14, 13, 110, 73, 2, 53, 90, 37, 48, 76, 62, 30, 45, 105, 28, 31, 65, 22, 52, 95, 18, 21, 68];
label[134] = [7, 14, 95, 5, 40, 88, 2, 79, 10, 8, 41, 28, 18, 44, 48, 84, 25, 73, 56];
label[135] = [7, 41, 0, 56, 26, 2, 10, 36, 14, 84, 43, 12, 51, 102, 52, 28, 79, 61, 32, 25, 30, 88];
label[136] = [14, 95, 18, 28, 2, 8, 64, 84, 59, 51, 19, 102, 61, 17, 48, 7, 10, 9, 89, 44, 36, 0, 41, 56, 52, 50, 97, 71, 4];
label[137] = [0, 89, 7, 30, 8, 48, 36, 14, 2, 44, 104, 95, 10, 28, 31, 105, 79, 41, 37, 52, 141, 73, 15, 91, 54, 25, 56, 84];
label[138] = [9, 2, 7, 18, 29, 36, 14, 10, 89, 42, 121, 28, 97, 102, 22];
label[139] = [8, 7, 30, 62, 48, 21, 10, 31, 28, 73, 37, 9, 78, 91, 88, 0, 2, 63, 84, 24, 17, 121, 44, 26, 36, 15, 18, 43, 60];
label[140] = [2, 102, 51, 14, 79, 7, 8, 28, 84];
label[141] = [7, 8, 30, 18, 0, 14, 37, 10, 2, 31, 41, 40, 24, 36, 44, 21, 78, 28, 48, 22, 105, 121, 73, 26, 45, 80, 58, 25, 123, 43, 64, 84, 51, 95, 141, 35, 79, 118, 17, 61, 52, 1, 50];
label[142] = [7, 2, 30, 14, 10, 97, 44, 17, 51, 86, 8, 0, 73, 56, 9, 22, 18, 76, 121, 36, 13, 96, 104, 26, 95, 28, 41, 5];
label[143] = [41, 8, 7, 25, 2, 14, 95, 10, 73, 64, 0, 46, 36, 4, 37, 48];
label[144] = [2, 4, 8, 98, 48, 10, 105, 22, 73, 44, 17, 14, 42, 7, 37, 78, 25, 15, 30, 36, 68, 90, 88];
label[145] = [2, 50, 58, 14, 32, 95, 79, 34, 8, 56, 52];
label[146] = [2, 30, 48, 51, 0, 95, 8, 14, 88, 28, 7, 17, 58, 52, 20, 39, 79, 86, 25, 83, 73, 141, 31, 22, 36, 41, 10, 74, 93, 21, 98, 76, 56, 37, 128, 44];
label[147] = [2, 56, 79, 50, 104, 88, 52, 95, 14, 102, 94, 8, 28, 51];
label[148] = [7, 48, 10, 22, 28, 8, 30, 44, 84, 41, 52, 13, 0, 90, 17, 89, 2, 15, 24, 95, 78, 98, 31];
label[149] = [97, 7, 2, 54, 73, 30, 8, 62, 4, 28, 17, 24, 36, 88, 14, 18];
label[150] = [0, 10, 41, 73, 7, 150, 26, 58, 48, 37, 55, 119, 28, 50, 30, 52, 46, 64, 53, 99, 22];
label[151] = [51, 14, 2, 79, 15, 36, 95, 73, 128, 109, 97, 19, 31, 50, 43];
label[152] = [79, 2, 28, 14, 41, 48, 61, 34, 25, 83];
label[153] = [27, 2, 79, 30, 36, 22, 48, 41, 14, 25, 73, 75, 28, 7, 44, 19, 0, 86, 121, 10, 58, 32];
label[154] = [2, 79, 34, 8, 73, 0, 24, 17, 25, 44, 46, 7, 30, 41, 10, 14, 86, 102, 141, 61, 28, 22, 18, 5, 48, 15, 1];
label[155] = [15, 0, 7, 17, 48, 73, 25, 36, 14, 2, 58, 10, 9, 83, 51, 8, 79, 28, 86, 40, 30, 41, 5, 18, 61, 84, 75, 42, 141, 31, 95, 57, 88, 19, 22, 46, 23, 32, 102, 104, 26, 105, 43, 50, 52];
label[156] = [41, 0, 14, 79, 2, 18, 43, 64, 8, 88, 19, 36, 49, 25, 17, 95, 7, 57, 48, 29, 13, 75, 5, 51, 73, 121, 105, 9, 52, 50, 86, 89, 10, 30, 22, 28, 46, 62, 44, 42, 55, 102, 40, 84, 61, 60, 98, 71, 65, 34, 91];
label[157] = [2, 8, 73, 36, 7, 41, 0, 104, 88, 10, 40, 18, 64, 68, 79, 62, 14, 86, 31, 49, 28, 25, 29, 26, 5, 44, 48, 30, 95, 60, 37, 42, 75, 17, 121, 51, 58, 56, 84, 72, 105, 9, 50, 12, 22, 35];
label[158] = [26, 75, 36, 7, 2, 14, 48, 79, 64, 8, 84, 51, 0, 17, 98, 15, 61, 10, 31, 4, 88, 28, 29, 41, 73, 83, 18, 58, 101, 86, 103, 25, 30, 42, 50, 55];
label[159] = [52, 8, 2, 36, 58, 30, 48, 69, 14, 50, 0, 21, 44, 17, 79, 25, 28, 102, 31, 141, 7, 51, 95, 84, 64, 56, 10, 104, 72, 37, 26, 88, 78, 41, 86, 32, 27, 34, 49, 68, 19, 73, 59, 90, 18, 1, 55, 42];
label[160] = [14, 55, 8, 52, 36, 95, 2, 51, 68, 25, 141, 19, 79, 11, 18, 22, 46, 48, 61, 75, 30, 41, 73, 88, 89, 28, 54, 50, 56];
label[161] = [2, 25, 79, 14, 19, 51, 98, 28, 84, 89, 32, 9, 88, 10, 7, 36, 61, 73, 49, 34, 12, 95, 22, 102, 29, 53, 48, 0, 105, 52, 68, 31, 44, 65, 90, 86, 121];
label[162] = [14, 2, 34, 95, 79, 51, 109, 28, 50];
label[163] = [0, 18, 2, 89, 9, 86, 1, 88, 5, 79, 14, 51, 28, 58, 25, 84, 36, 17, 75, 42, 105, 26, 68, 7, 27];
label[164] = [7, 26, 28, 48, 0, 10, 141, 41, 8, 36, 9, 17, 78, 105, 61, 21, 2];
label[165] = [2, 32, 61, 12, 14, 102, 79, 36, 8, 95, 84, 73, 71, 101, 25, 62, 41, 89];
label[166] = [52, 26, 0, 28, 7, 2, 21, 78, 73, 30, 14, 10, 17, 41, 48, 18, 36, 44, 89, 43, 50, 68, 8, 90, 105, 25, 46, 9, 94, 54, 76, 56];
label[167] = [14, 2, 79, 49, 95, 104, 51, 39, 33, 68, 91];
label[168] = [2, 86, 0, 62, 36, 8, 73, 14, 7, 58, 26, 44, 79, 25, 52, 28, 41, 18, 51, 48, 64, 88, 12, 91, 102, 39, 5];
label[169] = [50, 0, 21, 95, 51, 8, 2, 14, 102, 61, 79, 7];
label[170] = [50, 52, 95, 2, 79, 14, 7, 34, 61, 141, 109, 25];
label[171] = [14, 8, 2, 19, 0, 30, 79, 141, 25, 7, 50, 32, 41];
label[172] = [7, 105, 28, 30, 18, 8, 88, 10, 14, 36, 86, 121, 31, 26, 83, 75, 73, 2, 48, 17, 79, 41, 93, 25, 44, 29];
label[173] = [2, 7, 95, 14, 50, 79, 10, 23, 28, 30, 75, 89, 73, 17, 0, 106];
label[174] = [56, 0, 41, 2, 28, 73, 30, 79, 14, 104, 64, 36, 19, 18, 95, 10, 52, 50, 68, 25, 80, 23, 61, 37, 71, 32, 127, 75, 63, 7];
label[175] = [7, 50, 10, 31];
label[176] = [31, 2, 95, 18, 52, 50, 14, 79, 19, 84, 61, 32, 141, 37, 34, 92, 56, 30, 41, 10, 7, 8, 49, 36, 73, 28, 15, 150, 43, 21, 0, 26, 78, 48];
label[177] = [89, 95, 2, 14, 61, 109, 56, 19, 51, 79, 29, 141, 7, 88, 102, 149, 34, 8, 10, 71, 39, 50, 28];
label[178] = [8, 75, 83, 18, 36, 89, 9, 41, 73, 2, 14, 19, 51, 79, 34, 102, 52, 50, 48, 7];
label[179] = [12, 2, 51, 14, 7, 17, 36, 52, 28, 41, 79, 106, 64, 8, 48, 25, 95, 88, 24, 75, 84, 44, 90, 18, 104, 9, 105, 50, 0];
label[180] = [5, 14, 19, 2, 25, 32, 49, 51, 95, 52];
label[181] = [18, 8, 28, 30, 7, 56, 36, 14, 34, 2, 19, 10, 41, 37, 29, 15, 46, 25, 84, 79, 23, 52, 9, 73, 0, 5, 32, 97, 50, 95, 12, 159, 21, 78, 61, 44, 76, 17, 22, 109, 90, 48, 26, 31, 94];
label[182] = [26, 95, 14, 9, 141, 2, 61, 79, 51, 19, 32, 34, 50, 41, 89, 10, 31, 56];
label[183] = [88, 2, 79, 36, 14, 17, 10, 7, 25, 89, 28, 18, 42, 30, 20, 73, 41, 91, 84, 51, 29, 32, 43, 95, 106, 61, 103, 50, 52];
label[184] = [2, 14, 88, 0, 42, 9, 7, 18, 10, 73, 30, 17, 51, 79, 36, 48, 89, 44, 28, 22, 41, 20, 121, 56, 95, 32, 106, 24, 25, 29, 90, 37, 84, 86, 8, 68, 50];
label[185] = [2, 14, 51, 30, 0, 42, 48, 52, 58, 88, 46, 86, 41, 7, 26, 28, 25, 8, 9, 79, 10, 32, 62, 31, 37, 34, 21];
label[186] = [42, 7, 8, 75, 94, 32, 14, 51, 79, 2, 25, 67, 114, 28, 36, 12, 61, 21, 54, 95, 109, 34, 73, 87, 102, 56];
label[187] = [50, 95, 2, 14, 79, 141, 94, 52, 51, 62, 56, 28];
label[188] = [8, 73, 48, 41, 0, 2, 79, 14, 32, 149, 141, 19, 50, 128, 10, 36, 88, 55, 17, 30, 78, 28, 52, 7, 25, 44, 26, 84, 118, 61, 64, 18, 95];
label[189] = [56, 141, 14, 79, 2, 34, 51, 19, 30, 50, 95, 41, 118, 48, 10, 105, 18, 61, 52];
label[190] = [52, 2, 95, 141, 14, 18, 34, 79, 36, 109, 73, 41, 48, 30, 92, 32, 7, 28, 0, 8, 50, 61, 10, 106, 64, 15];
label[191] = [95, 36, 18, 30, 7, 41, 5, 9, 10, 26, 48, 8, 88, 46, 14, 52, 78, 62, 75, 105, 31, 2, 73, 50];
label[192] = [79, 95, 2, 28, 32, 14, 52, 43, 25, 50];
label[193] = [14, 2, 29, 51, 79, 95, 0, 8, 44, 34, 141, 19, 25, 61, 10, 17, 83];
label[194] = [2, 8, 28, 56, 25, 95, 79, 14, 104, 73, 41, 0, 21, 80, 141, 60, 18, 51, 88, 10];
label[195] = [7, 8, 0, 10, 21, 2, 28, 5, 78, 105, 31, 52, 43, 50, 65, 37];
label[196] = [56, 4, 42, 7, 86, 10, 48, 15, 0, 8, 5, 71, 39];
label[197] = [10, 7, 2, 17, 105, 43, 44, 48, 37, 50, 73, 8, 0, 11, 78, 28, 121, 31, 18, 52, 25, 14, 19, 65, 36, 56, 15, 26, 30, 88, 95, 79, 92, 69, 61];
label[198] = [37, 10, 7, 52, 8, 31, 2, 30, 41, 21, 78, 48, 0, 56];
label[199] = [0, 2, 7, 8, 30, 86, 58, 36, 51, 14, 79, 25, 95];
label[200] = [41, 8, 0, 30, 18, 7, 103, 10, 73, 25, 37, 36, 84, 88, 28, 43, 44, 46, 26, 40, 2, 31, 48, 52, 4, 22, 110, 105, 55, 23];
label[201] = [0, 8, 30, 10, 55, 31, 7, 95, 2, 37, 18, 28, 36, 88, 73, 84, 48, 92, 26, 56, 118, 43, 50, 79, 14, 25, 34, 49];
label[202] = [7, 56, 36, 17, 2, 84, 95, 21, 10, 28, 50, 0, 37, 31, 14, 30, 105, 41, 8, 52, 43, 25];
label[203] = [7, 44, 8, 56, 10, 9, 21, 30, 48, 52, 104, 28, 31, 37, 36, 0, 2, 25, 90, 78, 22];
label[204] = [14, 18, 79, 10, 7, 103, 25, 105, 37, 48, 8, 52, 2, 67];
label[205] = [50, 0, 56, 2, 51, 14, 32, 73, 92, 52, 25, 8, 79, 34, 95, 141, 84, 86];
label[206] = [56, 10, 52, 86, 2, 28, 8, 53, 84, 25, 95, 36, 105, 58, 9, 14, 55, 48, 88, 73, 0, 61, 104, 50, 79, 7, 121];
label[207] = [10, 7, 30, 14, 0, 23, 51, 48, 37, 31, 68, 2, 17, 44, 26, 50, 28, 79, 8, 56];
label[208] = [41, 2, 94, 17, 7, 30, 0, 26, 46, 8, 21, 10, 48];
label[209] = [7, 0, 10, 21, 31, 48, 88, 28, 20, 37, 17, 36, 141, 14, 56, 52, 78, 8, 70, 95, 89, 24, 84, 15, 41, 91, 79, 92, 25, 2, 64, 73, 43, 103, 55];
label[210] = [56, 2, 14, 35, 95, 17, 37, 50, 106, 83, 39, 104, 79, 73, 102, 51, 52, 75, 9, 48, 58, 22];
label[211] = [56, 0, 28, 30, 7, 2, 10, 48, 52, 73, 44, 9, 26, 50, 21, 41, 43, 95];
label[212] = [56, 118, 7, 52, 0, 40, 15, 73, 10, 37, 2, 21, 31, 8, 30, 18, 95, 48, 43];
label[213] = [50, 52, 28, 7, 76, 60, 73, 95, 0, 14, 2, 10, 44, 32, 19, 8, 91, 51, 79, 149, 34, 41, 92];
label[214] = [31, 7, 0, 2, 118, 95, 5, 8, 10, 36, 30, 14, 79, 141, 21, 34, 44, 48, 78, 28, 15, 37, 41, 18, 52, 26, 9, 17, 42, 88, 43, 22, 51, 105, 29, 84, 27, 32, 86, 25, 68, 64, 73];
label[215] = [2, 7, 73, 62, 0, 95, 79, 8, 41, 30, 10, 18, 48, 52, 105, 26, 28, 46, 14];
label[216] = [36, 41, 8, 7, 44, 30, 52, 0, 9, 86, 28, 31, 64, 2, 95, 37, 10, 15, 50, 88, 79, 73, 141];
label[217] = [52, 110, 41, 10, 48, 7, 78, 44, 8, 0, 50, 89, 18, 68, 22, 93, 37];
label[218] = [0, 10, 22, 25, 30, 36, 48, 7, 8, 24, 26, 28];
label[219] = [7, 25, 78, 95, 2, 14, 79, 84, 52, 141, 37, 28, 31, 10, 41, 15, 18, 30, 73, 8, 0, 5, 51, 19, 34, 121, 36, 48, 64, 44, 75, 17, 96, 50, 9];
label[220] = [95, 28, 48, 7, 2, 61, 14, 19, 79, 109, 32, 70, 50, 34, 20, 71, 46, 141, 26, 10, 0, 8, 92, 52, 73, 22, 31, 68, 149, 100, 41, 30];
label[221] = [56, 7, 41, 10, 48, 106, 30, 31, 37, 62, 0, 36, 44, 28, 43, 78, 95];
label[222] = [10, 68, 7, 30, 52, 75, 8, 95, 0, 2, 21, 73, 18, 44, 28, 41, 48, 46, 37];
label[223] = [7, 10, 0, 36, 52, 48, 95, 28, 31, 11, 30, 8, 21, 41, 73, 17, 37];
label[224] = [17, 56, 7, 41, 21, 73, 36, 18, 44, 30, 10, 48, 31, 26, 88, 78, 8, 46, 0, 2];
label[225] = [37, 7, 50, 79, 2, 14, 10, 95, 25];
label[226] = [30, 14, 7, 2, 79, 19, 51, 34, 52, 78, 95, 50, 128, 96, 8, 10, 22, 25, 41];
label[227] = [56, 2, 79, 14, 50, 95, 8, 102, 51, 92, 122, 73, 68, 52, 19, 109, 0, 31, 27, 139, 86, 88, 141, 25, 61, 12, 48, 59];
label[228] = [7, 10, 18, 0, 30, 41, 2, 78, 48, 52, 8, 21, 105, 73, 14, 36, 31, 37, 22, 20, 26, 28, 46, 56, 43];
label[229] = [0, 79, 2, 30, 10, 48, 141, 7, 73, 14, 51, 50, 28];
label[230] = [79, 2, 71, 14, 32, 50, 51, 61, 95, 10, 7, 73, 46, 48, 9];
label[231] = [7, 10, 22, 48, 56, 4, 14, 79, 2, 50, 61, 73, 95, 8, 28, 31, 37];
label[232] = [14, 50, 2, 79, 141, 19, 92, 95, 7, 102, 51, 96];
label[233] = [50, 2, 8, 0, 41, 7, 30, 73, 52, 129, 105, 15, 10, 71, 79, 14, 25, 48, 78, 62, 28, 58, 22, 43, 44, 110, 89, 18, 37, 20, 21, 31];
label[234] = [28, 52, 79, 50, 2, 14, 12, 141, 8, 7, 48, 9, 41, 10, 30, 75, 101, 93, 37, 73, 36, 110, 25, 0, 21, 54, 31, 95];
label[235] = [0, 7, 30, 56, 8, 2, 41, 10, 78, 36, 17, 31, 37, 44, 89, 22, 48, 14, 50, 149, 79, 52, 73, 84, 61, 95, 20];
label[236] = [55, 14, 2, 19, 102, 36, 23, 41, 44, 105, 7, 121, 79, 30, 28, 31, 50, 141, 48, 8, 18, 10, 46, 51, 88, 52, 58, 0, 75, 73, 95, 32, 37, 26, 86];
label[237] = [7, 1, 30, 64, 22, 2, 79, 50, 104, 28, 14, 141, 52, 61, 36];
label[238] = [30, 8, 0, 41, 7, 37, 48, 14, 10, 141, 105, 6, 19, 21, 95, 44, 2, 92, 36, 89, 52, 50];
label[239] = [7, 0, 30, 41, 10, 28, 31, 48, 37, 43, 44, 8];
label[240] = [2, 79, 14, 19, 51, 7, 95, 28, 50, 52, 27];
label[241] = [79, 95, 2, 23, 73, 14, 51, 141, 149, 5, 50, 8, 36, 56, 52, 0, 58, 41];
label[242] = [0, 7, 30, 10, 52, 28, 23, 36, 110, 41, 8, 18, 2, 37, 22, 44, 89, 73, 21, 48, 26, 50, 68, 90, 43];
label[243] = [32, 8, 71, 41, 79, 7, 90, 2, 95, 18, 46, 14, 51, 75, 54, 86, 88, 17, 28, 19, 4, 67];
label[244] = [92, 95, 51, 2, 14, 102, 32, 42, 61, 79, 89, 17, 10, 34, 86, 68, 28, 39, 7, 70, 12, 103, 0, 50];
label[245] = [99, 8, 79, 10, 48, 60, 41, 31, 30, 51, 2, 14, 28, 42, 19, 34, 25, 7, 5, 58, 118, 32, 86, 0];
label[246] = [42, 44, 2, 20, 8, 95, 17, 72, 7, 48, 79, 30, 14, 36, 18, 51, 73, 34, 55, 31, 141, 5, 26, 84];
label[247] = [8, 48, 0, 36, 69, 104, 2, 18, 5, 28, 84, 14, 7, 71, 141, 79, 27, 51, 118, 29, 61, 46, 73, 40, 15];
label[248] = [8, 7, 30, 0, 41, 29, 2, 75, 88, 89, 10, 105, 18, 26, 94, 21, 54, 44, 37, 73, 95, 28, 48, 74, 22, 78, 36, 56, 90, 31, 86, 136, 23, 125, 79, 93];
label[249] = [0, 78, 10, 68, 41, 56, 37, 7, 48, 22, 21, 54, 89, 94, 8, 30, 105, 44, 52, 28, 18, 90, 73, 2, 55, 88, 62];
label[250] = [7, 48, 8, 56, 10, 53, 0, 30, 41, 90, 28, 2, 44, 52, 37, 18, 21, 76, 78, 58];
label[251] = [7, 10, 73, 0, 30, 48, 8, 95, 28, 31, 37, 46, 2, 14, 56, 129, 50, 106, 116, 36, 29, 21, 51, 118, 78, 71, 68, 45, 52, 94, 41];
label[252] = [2, 14, 28, 34, 39, 51, 79, 95, 58, 150, 86, 141, 32, 92, 88, 84, 52, 50, 61, 19, 31, 56, 7, 73, 55];
label[253] = [79, 50, 14, 2, 51, 17, 25, 36, 9, 84, 102, 76, 52, 95, 141, 7, 44, 28, 31, 8, 46, 10, 34, 27, 19, 56];
label[254] = [10, 50, 14, 52, 95, 2, 28, 102, 61, 71, 79, 34, 73, 32, 8, 56];
label[255] = [7, 118, 8, 73, 30, 52, 2, 36, 48, 0, 18, 14, 10, 21, 78, 43, 29, 141, 31, 37, 28, 63, 55, 26];
label[256] = [7, 21, 29, 37, 18, 30, 10, 2, 31, 78, 36, 17, 32, 95, 68, 14, 51, 102, 8, 22, 48, 28];
label[257] = [8, 10, 79, 2, 54, 75, 14, 28, 73, 29, 7, 50, 61, 41, 48, 95, 36, 89, 9, 30];
label[258] = [8, 2, 41, 48, 52, 75, 88, 36, 10, 7, 28, 31, 18, 22, 30, 44, 17, 0, 37, 68, 26, 15, 110, 94, 11];
label[259] = [41, 7, 79, 0, 50, 8, 104, 14, 30, 36, 73, 52, 10, 48, 28, 2, 118, 25, 89, 121, 18, 44, 105, 90, 78, 37, 22, 31, 17, 98, 26, 13, 23, 43, 60, 82, 93, 21];
label[260] = [2, 95, 57, 141, 36, 9, 14, 34, 51, 102, 79, 25, 28, 92, 15, 44, 7, 18, 8, 0, 52, 56, 88, 84, 31, 69, 39, 105, 73, 20, 64];
label[261] = [2, 52, 29, 7, 86, 95, 51, 14, 5, 42, 32, 34, 49, 79, 61, 149, 37, 25, 88, 84, 50];
label[262] = [56, 28, 95, 10, 72, 2, 25, 7, 88, 14, 104, 9, 48, 8, 30, 79, 51, 46, 18, 60, 73, 0, 29, 20, 41, 36, 84, 121, 31, 98, 105, 17, 52, 86, 22, 26, 15, 106];
label[263] = [56, 50, 95, 2, 14, 8, 48, 79, 64, 18, 88, 52, 36, 25, 20, 73, 0, 7, 28];
label[264] = [26, 56, 79, 2, 14, 19, 88, 8, 51, 92, 50, 58];
label[265] = [79, 41, 2, 14, 19, 141, 28, 8, 7, 71, 61, 95, 56, 62, 51, 93, 50, 25];
label[266] = [89, 73, 86, 22, 7, 46, 2, 17, 41, 79, 51, 24, 8, 55, 28, 14, 39, 141, 105, 84, 52];
label[267] = [50, 37, 36, 8, 2, 95, 14, 79, 34, 84, 7, 141, 0, 42, 20, 51, 102, 17, 52, 25, 28, 56, 73, 30, 86, 18, 26, 88, 149, 19, 48, 46, 31, 58, 41];
label[268] = [7, 31, 10, 65];
label[269] = [79, 46, 2, 89, 36, 50, 28, 14, 51, 25, 8, 52, 37, 56, 68, 32, 12, 109, 61, 19, 94, 18, 70];
label[270] = [41, 7, 10, 22, 28, 78, 31, 48, 73, 0, 8, 30, 15, 37, 95, 44, 11, 45, 52, 18, 56];
label[271] = [7, 30, 0, 2, 10, 110, 31, 8, 73, 21, 78, 127, 52, 37, 41, 48, 95, 36, 22, 43, 26, 90, 28];
label[272] = [7, 8, 73, 52, 79, 2, 10, 95, 31, 48, 58];
label[273] = [7, 10, 18, 48];
label[274] = [2, 95, 20, 79, 22, 14, 50, 19, 15, 7, 61, 48, 30, 84, 52, 28, 41, 73, 141, 34, 36, 10];
label[275] = [50, 2, 14, 7, 79, 149, 34, 52, 95, 51, 68, 19, 10, 28, 73, 89, 48, 26, 30];
label[276] = [7, 10, 37, 31];
label[277] = [37, 8, 7, 10, 31, 48, 110, 65];
label[278] = [10, 7, 22, 73, 30, 98, 11, 48, 141, 14, 28, 31, 37, 52, 8];
label[279] = [37, 28, 7, 8, 10, 31, 41, 14, 2, 17, 26, 50, 78, 43, 36, 52, 73, 88, 90, 21, 0, 22];
label[280] = [2, 79, 14, 28, 84, 7, 34, 10, 52, 51, 30, 56, 104, 149, 90, 33, 19, 88, 50, 31, 41, 75, 8, 26, 17];
label[281] = [50, 52, 73, 2, 42, 5, 60, 141, 32, 26, 0, 10, 28, 14, 7, 76, 41, 79, 102, 83, 40, 64, 95, 51, 56, 48];
label[282] = [7, 10, 2, 31, 37, 41, 46, 48];
label[283] = [62, 41, 7, 50, 10, 73, 78, 79, 30, 48, 22, 52, 28, 0, 36, 44, 8];
label[284] = [25, 2, 14, 22, 36, 88, 32, 79, 51, 7, 10, 28, 90, 23, 106, 46, 9, 54, 52, 17, 103, 50, 30, 21, 8];
label[285] = [56, 50, 52, 2, 79, 14, 75, 0, 95, 106, 55, 64, 25, 8, 19, 28, 48, 15, 10, 104, 84];
label[286] = [141, 28, 36, 48, 54, 2, 73, 7, 52, 83, 56, 50, 14, 79, 22, 18, 9, 8];
label[287] = [22, 36, 4, 73, 48, 86, 9, 0, 25, 2, 14, 10, 88, 44, 7, 79, 28, 8, 17, 18, 62, 32, 90, 51, 84, 20, 26, 30, 58, 5, 37, 31, 21, 42, 128, 68, 50, 52, 41];
label[288] = [0, 7, 8, 36, 10, 20, 18, 31, 2, 41, 52, 30, 48, 121, 37, 26, 73, 43, 88, 65];
label[289] = [84, 8, 41, 0, 2, 28, 48, 14, 79, 25, 32, 141, 52, 86, 60, 73];
label[290] = [7, 75, 88, 9, 101, 37, 10, 28, 56, 52, 31, 30, 2, 8, 78, 0];
label[291] = [7, 10, 0, 8, 95, 105, 44, 48, 50, 43, 93, 37, 30, 92, 41, 52, 2, 78, 62, 73, 26, 36, 21, 14, 28, 110, 79, 22, 141, 31, 51, 106, 58, 20];
label[292] = [14, 2, 61, 7, 10, 56, 95, 52];
label[293] = [2, 28, 25, 69, 121, 36, 31, 37, 57, 73, 95, 19, 14, 51, 46, 52, 8, 79, 34, 84, 32, 7, 92, 61, 102];
label[294] = [8, 7, 10, 44, 18, 22, 48, 31, 105, 28, 36, 52, 110];
label[295] = [21, 10, 2, 7, 56, 14, 95, 51, 8, 48, 37, 31, 0, 30, 41, 73, 28];
label[296] = [78, 41, 7, 110, 28, 23, 18, 73, 31, 10, 106, 36, 8, 2, 37];
label[297] = [8, 14, 51, 2, 61, 102, 79, 59, 36, 19, 95, 114, 50, 91, 17, 98, 28, 49, 60, 52, 56];
label[298] = [2, 8, 14, 0, 79, 50, 43, 26, 7, 18, 52, 86, 30, 42, 36, 73, 51, 28, 19, 96, 49, 101, 37, 5, 48, 10, 22, 106];
label[299] = [14, 2, 28, 10, 102, 91, 55, 95, 105, 51, 22, 36, 41, 42, 48, 52, 79, 84, 9, 25, 83, 19];
label[300] = [10, 118, 52, 7, 22, 30, 48];
label[301] = [96, 8, 18, 79, 2, 14, 52, 28, 10, 95, 41, 141, 51, 73];
label[302] = [7, 17, 103, 2, 52, 5, 0, 48, 88, 73, 10, 30, 104, 141, 22, 36, 28, 41, 8, 26, 91, 105, 37, 31];
label[303] = [2, 8, 29, 14, 34, 31, 79, 18, 28, 52, 10, 141, 7, 128, 19, 25, 51, 92, 95, 37, 0, 105, 42, 43, 48, 62, 69, 64];
label[304] = [7, 30, 0, 8, 78, 10, 37, 31, 15, 43, 48, 52, 41, 26];
label[305] = [2, 10, 56, 95, 7, 61, 99, 41, 34];
label[306] = [50, 7, 2, 65, 10, 55, 30, 37, 0, 14, 43, 49, 25, 79, 51];
label[307] = [2, 14, 51, 31, 95, 79];
label[308] = [88, 73, 41, 2, 18, 26, 8, 7, 15, 30, 48, 36, 44, 10, 75, 23, 0];
label[309] = [29, 79, 10, 2, 52, 56, 94, 14, 28, 91, 64, 7, 95, 69, 54, 48];
label[310] = [56, 28, 12, 52, 7, 79, 8, 71, 41, 48, 2, 95, 10, 73, 106, 36, 0, 88, 13, 44, 35, 50, 14, 89, 11, 104, 25, 121, 98, 84, 31, 40, 62, 86, 72, 90, 60, 105, 46, 20, 75, 37, 30, 18, 59, 42, 15];
label[311] = [2, 14, 32, 0, 48, 7, 8, 25, 30, 41, 60, 83, 36, 79, 31, 62, 51, 19, 69, 10, 52, 49];
label[312] = [7, 2, 10, 32, 14, 28, 79, 31, 0, 51, 106, 48, 86];
label[313] = [56, 90, 2, 14, 7, 95, 30, 60, 86, 25, 105, 20, 83, 141, 50, 69, 28, 51, 0, 48, 8, 52, 37, 5, 44];
label[314] = [17, 14, 7, 2, 48, 51, 10, 28, 31, 8, 84, 25, 32, 34, 58];
label[315] = [7, 4, 17, 36, 8, 50, 52, 58, 10, 99, 20, 2, 29, 53, 0, 31, 30];
label[316] = [2, 28, 42, 7, 52, 26, 30, 27, 46, 14, 18, 79, 0, 13, 22, 36, 86, 105, 8, 12, 84, 48, 73, 95, 41, 44, 9, 76, 21, 78, 10, 62, 88, 121, 58, 64, 90, 31, 61, 17, 126, 51, 89, 25];
label[317] = [30, 28, 0, 10, 7, 25, 2, 17, 44, 36, 1, 8, 95, 14, 45, 88, 18, 48, 43, 9, 73, 26, 41];
label[318] = [95, 14, 2, 79, 51, 41, 28, 44, 10, 48, 7, 29];
label[319] = [14, 2, 61, 37, 88, 52, 21, 50, 0, 7, 41, 11, 56, 95, 55, 10, 49, 51, 19];
label[320] = [41, 42, 32, 2, 36, 14, 52, 78, 25, 0, 10, 28, 61, 79, 7, 98, 26, 35, 58, 56, 50, 118, 89];
label[321] = [36, 8, 94, 21, 54, 96, 41, 2, 0, 10, 48, 73, 7, 11, 75, 28, 123];
label[322] = [8, 52, 30, 2, 50, 14, 9, 149, 51, 86, 36, 5, 28, 61, 19, 95, 29, 79, 7, 69, 64, 102, 55, 25, 32, 34, 37, 49, 141, 18, 89, 71, 20, 84, 10, 31, 109, 39, 11, 53, 42, 56];
label[323] = [41, 44, 72, 2, 36, 14, 30, 56, 13, 79, 8, 88, 7, 52, 48, 73, 42, 17, 103, 95, 58, 10, 9, 28, 0, 121, 31, 105, 18, 51, 86, 25, 89, 32, 1, 59, 84, 22, 83, 49, 46, 21, 75, 37, 5, 68, 40, 90];
label[324] = [7, 8, 30, 79, 2, 14, 51, 61, 25, 75, 19, 42, 0, 41, 21, 78, 52, 50, 48, 45, 36, 73, 86, 109, 58, 95, 10, 104, 64];
label[325] = [8, 28, 44, 2, 37, 79, 14, 25, 10, 42, 73, 0, 48, 50, 51, 60, 141, 20, 32, 84, 43, 7];
label[326] = [0, 73, 18, 10, 42, 58, 75, 2, 7, 89, 55, 132, 98, 8, 36, 48, 95, 21, 30, 79, 44, 41, 53, 52, 34, 14, 12, 17, 28, 51, 50];
label[327] = [28, 52, 40, 50, 8, 10, 2, 79, 73, 14, 102, 36, 7, 0, 58];
label[328] = [41, 79, 75, 20, 2, 14, 69, 4, 8, 52, 25, 89, 94];
label[329] = [2, 14, 86, 18, 10, 32, 51, 79, 7, 56, 8, 4, 95, 36, 25, 19];
label[330] = [0, 21, 95, 61, 79, 14, 2, 51, 50, 12, 32, 18, 52];
label[331] = [95, 10, 42, 30, 45, 41, 7, 52, 8, 88, 21, 36, 31, 37, 18, 26, 2, 89, 48, 0, 97, 76, 106, 44, 73, 28, 98, 105, 84, 110];
label[332] = [97, 7, 52, 85, 41, 28, 8, 0, 30, 10, 48, 31, 25, 73, 75, 89, 9, 94, 21, 54, 17, 88, 62, 56];
label[333] = [52, 2, 7, 37, 48, 22, 95, 31, 10, 23, 56, 41, 36, 0, 8, 118, 30, 28, 43, 44, 26, 89, 15];
label[334] = [2, 121, 95, 14, 25, 52, 28, 19, 79, 10, 84, 93, 30, 0, 89, 105, 44, 7, 46, 22, 48, 36, 50, 51, 8, 92, 31, 37, 41, 43, 29, 65, 21, 56, 20];
label[335] = [30, 14, 2, 114, 8, 79, 84, 0, 10, 105, 28, 58, 7, 90, 73];
label[336] = [7, 32, 56, 95, 61, 67, 71, 79, 52, 22, 90, 14, 2, 10, 21, 78, 25, 45, 28, 31, 123, 110, 9, 6];
label[337] = [50, 2, 14, 88, 79, 19, 95, 34, 36, 105, 23, 28, 8];
label[338] = [26, 32, 50, 52, 28, 2, 14, 79, 0, 102, 34, 86, 95, 76, 98, 56];
label[339] = [0, 58, 42, 75, 8, 60, 7, 28, 22, 2, 93, 5, 10, 79, 14, 56, 51, 19, 48, 41, 95, 96, 55, 45, 18, 86, 34, 141, 32, 50, 43];
label[340] = [10, 50, 6, 0, 2, 37, 76, 7, 26, 31, 41, 52, 8, 28, 43, 75];
label[341] = [5, 14, 2, 51, 28, 50, 25, 32];
label[342] = [4, 36, 7, 10, 58, 14, 2, 43, 28, 8, 84, 49, 71, 61, 79, 102, 17];
label[343] = [101, 14, 52, 5, 95, 58, 2, 25, 79, 51, 28, 10, 17, 91, 89, 7, 31, 83, 61, 19, 48, 30, 87, 49, 34, 86, 36, 84, 50, 56];
label[344] = [109, 50, 8, 2, 95, 3, 32, 43, 79, 52, 64, 56, 48, 28, 7, 61];
label[345] = [41, 10, 7, 18, 37, 67, 0, 8, 14, 26, 36, 52, 21, 48, 73, 17, 105, 2, 79, 104, 61, 34, 28, 95];
label[346] = [7, 10, 68, 8, 37, 35, 25, 77, 31, 29];
label[347] = [7, 14, 30, 36, 62, 88, 2, 21, 52, 18, 28, 8, 10, 26, 37, 79, 73, 31, 44, 17, 78, 0, 41, 43, 105, 48, 50];
label[348] = [2, 79, 14, 84, 22, 4, 73, 8, 95, 28, 51, 89, 27, 48, 58, 52, 56, 0];
label[349] = [7, 30, 78, 44, 0, 48, 10, 73, 8, 41, 2, 56, 1, 110, 36, 14, 88, 18, 37, 28, 22, 25, 13, 15, 17, 52, 84, 101, 31, 80, 98, 103, 43, 76];
label[350] = [30, 2, 10, 76, 8, 48, 7, 44, 31, 18, 89, 0, 14, 29, 62, 28, 64];
label[351] = [79, 14, 2, 19, 50, 8, 62, 84, 31, 7, 39, 52];
label[352] = [10, 2, 7, 0, 31, 69, 86, 14, 51, 36, 48, 79, 28];
label[353] = [10, 2, 14, 7, 31, 36, 88];
label[354] = [10, 8, 30, 52, 7, 121, 17, 28, 37, 41, 0, 45, 89, 21, 48, 62, 98, 65, 58, 36, 24, 90];
label[355] = [2, 30, 14, 79, 141, 84, 25, 22, 17, 31, 50, 53, 90, 0, 8, 36, 98, 58, 10];
label[356] = [52, 95, 2, 100, 79, 69, 28, 14, 50, 8, 51, 32, 19];
label[357] = [8, 30, 0, 141, 7, 48, 52, 18, 15, 56, 41, 14, 93, 89, 19, 53, 88, 95, 2, 68, 44, 25, 103, 79, 28, 13, 43, 10, 51, 36, 92, 17, 22, 90, 86];
label[358] = [14, 2, 28, 10, 50, 52, 42, 7, 97, 8, 55, 86, 0, 48, 36, 88, 79, 20, 56, 95, 90, 44, 93, 25];
label[359] = [2, 51, 14, 12, 61, 25, 79, 95, 84, 56];
label[360] = [50, 61, 95, 118, 8, 9, 0, 30, 7, 10, 126, 31, 37, 45, 48, 2, 14, 52, 44, 56, 26, 41, 23, 73, 43, 28, 65, 79, 32, 15, 12, 36, 51, 25, 21, 84, 18, 49];
label[361] = [88, 24, 14, 2, 51, 27, 95, 36, 32, 34, 86, 7, 73, 84];
label[362] = [17, 7, 14, 19, 2, 79, 42, 10, 28, 89, 102, 31, 51, 64, 86, 50, 48, 36, 18, 52];
label[363] = [95, 19, 32, 2, 14, 10, 18, 61, 51, 79];
label[364] = [5, 2, 14, 73, 95, 56, 79, 32, 51, 31, 19, 61, 102, 52, 29, 28, 48, 8, 34, 0, 46];
label[365] = [7, 8, 42, 51, 79, 2, 14, 25, 34, 59, 19, 20, 55, 50, 95, 58, 43, 10, 32];
label[366] = [14, 2, 79, 17, 7, 25, 68, 69, 32, 31];
label[367] = [14, 19, 73, 2, 28, 79, 52, 42, 95, 8, 50, 141, 51, 69];
label[368] = [7, 102, 2, 19, 51, 50, 34, 92];
label[369] = [14, 2, 7, 19, 25, 84, 86, 36, 59, 49, 8, 95];
label[370] = [14, 2, 25, 36, 5, 79, 7, 84, 48, 87, 96, 55, 19, 0, 95, 118, 58, 89, 51, 61, 24, 32, 41, 49, 73, 52, 10, 8, 31, 50, 34, 141, 102, 28];
label[371] = [2, 95, 14, 19, 79, 149, 7, 44, 36, 50, 28, 55, 52, 61, 12, 51, 34];
label[372] = [95, 50, 30, 17, 56, 14, 2, 9, 36, 92, 7, 64, 8, 86, 10, 59, 15, 52, 149, 26];
label[373] = [7, 30, 17, 36, 31, 25, 104, 41, 106, 10, 2, 88, 44, 18, 73, 105, 0, 37, 43, 14, 78, 49, 28, 48, 51, 90, 64, 71, 46];
label[374] = [14, 20, 10, 56, 50, 55, 52, 0, 141, 2, 90, 36, 95, 39, 7, 121, 105, 12, 84, 61, 32, 19, 25, 102, 9, 51, 79, 44, 104];
label[375] = [2, 37];
label[376] = [95, 56, 73, 36, 52, 79, 8, 67, 51, 2, 14, 149, 41, 55, 48, 28, 44, 86, 50];
label[377] = [2, 8, 29, 0, 26, 95, 12, 62, 9, 7, 14, 51, 79, 19, 49, 28, 37, 69, 52, 41, 48, 56, 31, 83, 15, 64];
label[378] = [10, 42, 73, 18, 41, 17, 0, 8, 46, 14, 2, 79, 26, 28, 30, 78, 7, 31, 25, 48, 75, 105, 36, 58, 44, 89, 9, 37, 76, 95, 87, 52, 141, 90, 13, 86];
label[379] = [73, 28, 7, 36, 5, 41, 20, 17, 18, 10, 50, 9, 8, 22, 52];
label[380] = [95, 2, 83, 55, 14, 79, 61, 34, 102, 8, 28, 46, 32];
label[381] = [2, 14, 58, 10, 79, 42, 84, 32, 34, 51, 95, 25, 11, 46, 128, 109, 8, 141];
label[382] = [2, 30, 25, 7, 36, 88, 18, 53, 4, 86, 41, 8, 73, 0, 44, 22, 3, 15, 14, 105, 31, 34, 93, 37, 48, 58, 10];
label[383] = [56, 32, 14, 2, 95, 28, 109, 19, 10, 141, 48, 50, 25, 12];
label[384] = [0, 41, 7, 95, 50, 42, 5, 14, 79, 36, 10, 105, 22, 28, 48, 8, 75, 9, 2, 114, 52, 51, 73, 18];
label[385] = [79, 73, 2, 52, 23, 8, 75, 50, 7, 22, 14, 51, 71, 46, 28, 95, 10, 141];
label[386] = [2, 25, 56, 20, 64, 23, 29, 14, 7, 61, 79, 51, 28, 34, 68, 49, 95, 50, 92];
label[387] = [10, 37, 36, 103, 88, 5, 14, 2, 84, 0, 32, 141, 102, 39, 79, 51, 25, 61, 8];
label[388] = [73, 7, 30, 26, 41, 8, 90, 23, 10, 22, 48, 18, 43, 44, 0];
label[389] = [2, 12, 28, 71, 50, 7, 86, 0, 14, 57, 79, 36, 99, 83, 56, 55, 95, 48, 51, 73, 39];
label[390] = [2, 25, 14, 19, 41, 73, 28, 128, 56, 7, 51, 79, 61, 95, 32, 12, 91, 55];
label[391] = [52, 2, 32, 79, 25, 14, 42, 0, 50, 95, 10, 141, 48, 8, 28, 89, 29, 22, 9, 73, 17, 56, 71];
label[392] = [89, 92, 9, 95, 2, 8, 76, 55, 122, 79, 141, 32, 46, 52, 75, 10, 11, 48, 114, 61, 14, 51, 104, 21, 62, 22, 7, 59];
label[393] = [7, 8, 41, 10, 48, 101, 22, 2, 30, 62, 0];
label[394] = [2, 50, 52, 14, 8, 28, 79, 51, 141, 31, 36, 41, 44, 95, 88, 69, 56, 57];
label[395] = [14, 8, 50, 2, 52, 95, 79, 7, 51, 28, 88, 5];
label[396] = [36, 2, 56, 95, 14, 51, 79, 25, 19, 61, 55, 22, 44, 32, 64, 88];
label[397] = [64, 61, 12, 2, 79, 14, 25, 32];
label[398] = [89, 8, 7, 10, 2, 76, 0, 110, 46, 22, 14, 92, 17, 9, 79, 30, 102, 59, 19, 75, 88, 73, 50, 64];
label[399] = [52, 75, 95, 51, 55, 2, 7, 22, 72, 14];
label[400] = [10, 106, 165, 2, 59, 66, 7, 22, 28, 78, 5];
label[401] = [8, 64, 73, 52, 2, 71, 79, 22, 95, 14, 61, 56, 141, 104, 89];
label[402] = [0, 2, 7, 10, 21, 48, 52, 95, 105, 28, 50, 14];
label[403] = [0, 55, 52, 2, 7, 94, 95, 10, 141, 28, 62];
label[404] = [2, 8, 13, 86, 7];
label[405] = [88, 56, 2, 14, 10, 92, 36, 19, 79, 32, 7, 41, 95, 141, 50, 28, 73, 0, 52];
label[406] = [7, 10, 37, 95, 21, 0, 44, 45, 14, 36, 31, 48, 17, 2, 28, 30, 18, 41, 56, 24, 79, 19, 55, 8, 121];
label[407] = [2, 8, 73, 26, 14, 79, 48, 51, 22, 141, 19, 46, 50, 52, 7, 128];
label[408] = [73, 48, 97, 95, 2, 14, 51, 7, 84, 79, 17, 8, 9, 41, 43, 52, 89, 105, 88, 25, 24, 30, 78, 50];
label[409] = [37, 7, 50, 141, 49, 2, 25, 56, 42, 14, 79, 95, 106, 10, 36, 32, 28, 0, 48];
label[410] = [95, 2, 29, 28, 64, 118, 14, 79, 51, 19, 61, 104, 36, 128, 7, 60, 32, 52];
label[411] = [95, 7, 79, 14, 2, 51, 25, 48, 8, 84, 32, 19, 128, 10, 26, 29, 64, 106, 102, 61, 37, 55, 36, 118];
label[412] = [25, 95, 2, 14, 51, 84, 79, 32, 88, 69, 118, 86, 61, 34, 89, 56, 58];
label[413] = [32, 14, 19, 29, 141, 2, 49, 61, 79, 28, 95, 10, 8, 34, 7, 20, 91];
label[414] = [8, 7, 30, 0, 78, 10, 43];
label[415] = [54, 10, 7, 41, 37, 78, 101, 43, 52, 18, 105, 48, 31, 8, 73, 0, 30, 50, 26, 86, 2, 44, 95, 21];
label[416] = [95, 36, 14, 7, 20, 2, 79, 25, 30, 41, 18, 105, 26, 44, 0, 28, 8, 64, 52, 50, 10, 51, 82, 19, 49, 12, 73, 101, 17, 71, 37, 149, 121, 84, 48, 83, 61, 106, 90, 89, 104, 88, 29, 118, 32, 21];
label[417] = [37, 52, 50, 25, 53, 28, 95, 2, 14, 20, 51, 84, 7, 79, 10, 31, 8, 34, 19, 151, 36, 104, 121, 56];
label[418] = [14, 8, 79, 73, 2, 28, 51, 105, 109, 32, 34, 0, 10, 31, 52, 7, 48, 44, 18, 84, 24, 76, 75, 36, 62, 90, 22, 41, 56, 29, 25, 9, 46, 37, 95, 141, 149, 88, 58, 89, 86];
label[419] = [2, 149, 10, 14, 18, 31, 36, 51, 69, 7, 79];
label[420] = [28, 2, 79, 56, 83, 14, 32, 84, 12];
label[421] = [7, 41, 0, 5, 30, 10, 25, 2, 8, 21, 95, 44, 48, 52, 105, 36, 18, 43, 6, 73, 28, 26, 78, 46, 79, 84, 37, 50, 29, 58, 88, 14, 31, 45, 23, 76, 68];
label[422] = [8, 2, 95, 7, 10, 41, 141, 30, 48, 37, 17, 90, 0, 31];
label[423] = [14, 57, 2, 69, 32, 48, 7, 50, 17, 25, 51, 36, 88, 95, 56, 22, 26, 86, 106, 43];
label[424] = [2, 109, 32, 61, 14, 79, 51, 28, 88, 56, 95, 10];
label[425] = [21, 98, 30, 10, 8, 0, 7, 37, 15, 26, 31, 17, 89, 52, 44, 45, 48];
label[426] = [7, 28, 2, 95, 10, 14, 9, 40, 139, 5, 25, 56];
label[427] = [2, 14, 25, 84, 61, 51, 27];
label[428] = [21, 2, 79, 61, 50, 14, 64, 52, 30, 95, 149, 28, 4, 73, 37, 92, 22, 8, 7, 89, 88, 75, 123];
label[429] = [14, 25, 2, 57, 56, 65, 7, 34, 51, 79, 9, 69, 12];
label[430] = [2, 36, 10, 48, 121, 0, 8, 14, 51, 32, 69, 79, 59, 28, 43, 7, 56, 61, 30, 95, 19, 58, 71, 52, 86];
label[431] = [17, 10, 7, 2, 0, 41, 25, 8, 28, 30, 52, 79, 98, 44, 78, 48, 73, 18];
label[432] = [2, 61, 19, 14, 12, 149, 79, 95, 10, 7, 50, 141, 73, 52, 18];
label[433] = [2, 28, 95, 141, 10, 14, 79, 30, 32, 50, 64, 52, 88, 22, 73, 0, 48, 51, 20, 7, 102, 8, 100, 86];
label[434] = [14, 2, 60, 95, 58, 79, 52, 19, 48, 50, 31, 28, 93, 8, 46, 51, 4];
label[435] = [56, 7, 0, 21, 8, 10, 44, 26, 30, 28, 78, 18, 36, 48, 52, 43, 41];
label[436] = [95, 14, 79, 2, 50, 75, 28, 7, 10, 59];
label[437] = [2, 5, 0, 8, 7, 43, 58, 10, 86, 14, 24, 36, 84, 90, 56, 29, 19, 12, 25];
label[438] = [55, 52, 14, 34, 2, 28, 61, 79, 141, 51, 19, 149, 104, 50, 58, 25, 10, 20, 62, 36, 118, 128, 7, 121, 84, 48, 17];
label[439] = [2, 25, 12, 95, 102, 14, 79, 84, 71, 36, 28, 51, 19, 61, 9, 109, 17, 56, 52, 128];
label[440] = [7, 75, 10, 28, 31, 37, 78, 52, 43, 26, 8, 21, 58, 41, 56, 30, 96, 9, 54, 23];
label[441] = [7, 30, 41, 59, 2, 78, 48, 10, 105, 22, 25, 36, 8, 98, 73, 88];
label[442] = [2, 61, 79, 38, 14, 7, 95, 73, 12, 8, 102, 32, 28, 11, 42, 71, 25, 88, 118, 50, 52, 56, 68, 86, 106, 49];
label[443] = [17, 73, 2, 28, 52, 95, 100, 51, 61, 14, 25, 50, 32, 84, 56, 12, 8, 11, 36, 127, 62, 68, 37, 79, 109, 27, 118, 70];
label[444] = [95, 2, 61, 79, 91, 14, 20, 50, 52, 39, 28, 34, 7, 36];
label[445] = [2, 149, 14, 5, 95, 79, 70, 61, 19, 50, 84, 28, 87, 55];
label[446] = [7, 52, 2, 98, 30, 73, 41, 10, 8, 48, 36, 37, 18, 44, 31, 45, 62];
label[447] = [56, 2, 14, 34, 8, 52, 89, 0, 95, 50, 28, 79, 7, 55];
label[448] = [14, 9, 95, 8, 79, 139, 2, 24, 102, 109, 49, 67, 86, 149];
label[449] = [92, 50, 52, 2, 79, 14, 34, 19, 32, 68, 28, 141, 95, 41];
label[450] = [56, 14, 2, 28, 109, 61, 79, 25, 52, 50, 21, 30, 36, 41, 62, 75, 89, 94, 9, 95, 34, 84, 51, 83, 54, 8, 88, 152, 73];
label[451] = [95, 2, 104, 128, 14, 25, 7, 28, 61, 41, 83, 102, 79, 32, 76, 8, 52, 50, 34, 19, 141, 64];
label[452] = [0, 21, 8, 7, 28, 2, 48, 95, 10, 18, 68, 52, 37, 50, 53, 26, 30, 36, 45, 44, 122, 84, 22, 43, 58, 14, 15, 88, 79, 61, 51, 109, 17, 46];
label[453] = [2, 56, 95, 14, 79, 19, 61, 104, 32, 90, 102, 28, 9, 106, 84, 36];
label[454] = [56, 2, 14, 19, 79, 51, 34, 149, 28, 7, 58, 41, 45, 92, 50];
label[455] = [9, 8, 62, 0, 52, 53, 21, 89, 17, 59, 7, 46, 18, 43, 76, 36, 41, 44, 15, 10, 105, 141, 30, 48, 73, 31, 22, 28, 84, 45, 2, 25, 24];
label[456] = [95, 2, 84, 14, 79, 61, 51, 22, 56];
label[457] = [56, 118, 64, 71, 50, 52, 95, 29, 14, 109, 19, 79, 2, 9, 106, 10, 48, 60, 8, 73];
label[458] = [2, 14, 8, 50, 9, 73, 95, 12, 28, 25, 51, 102, 56];
label[459] = [150, 2, 50, 14, 37, 32, 25, 36, 19, 5, 28, 88, 95, 52, 79, 51, 91, 10, 7, 68, 104];
label[460] = [2, 52, 75, 73, 14, 57, 44, 95, 86, 51, 28, 103, 88, 79, 48, 25, 36, 32, 7, 19, 49, 89, 61];
label[461] = [50, 2, 79, 52, 8, 14, 48, 7, 0, 99, 28, 25, 30, 58, 69, 36, 20, 9, 15, 4, 51, 32];
label[462] = [50, 7, 0, 2, 64, 95, 32, 14, 79, 76, 103, 68, 28, 8];
label[463] = [5, 2, 95, 79, 52, 51, 14, 25, 102, 89, 61, 122, 34, 32, 50, 48, 36];
label[464] = [8, 2, 28, 7, 78, 32, 14, 25, 34, 19, 79, 67, 0, 52, 50, 86];
label[465] = [52, 0, 72, 104, 50, 36, 62, 14, 2, 30, 44, 68, 7, 17, 48, 8, 58, 73, 95, 69, 61, 79, 34, 51];
label[466] = [52, 14, 2, 51, 7, 50, 96, 95, 34, 79, 32, 61, 88, 8, 92, 41, 15];
label[467] = [76, 29, 2, 14, 19, 31, 51, 30, 55, 28, 61, 79, 25, 123, 8, 104, 48, 18, 0, 95, 91, 12, 102, 7, 32, 101, 89, 52, 56, 50, 84];
label[468] = [14, 2, 79, 102, 49, 25, 51];
label[469] = [51, 2, 28, 50, 61, 95, 73, 52, 14, 70, 79, 91, 149];
label[470] = [56, 50, 2, 52, 86, 79, 4, 95, 14, 61, 69, 32, 141, 89, 8, 26, 41, 12, 92, 73, 58, 149];
label[471] = [84, 0, 2, 14, 7, 48, 19, 17, 79, 28, 68, 61, 32, 29, 55, 22, 10, 25, 95, 86, 46, 50, 52, 56];
label[472] = [2, 104, 51, 84, 14, 86, 7, 95, 29, 10, 17, 36, 24, 25, 88, 12, 79, 28, 90, 105, 0];
label[473] = [2, 14, 42, 58, 95, 83, 121, 36, 25, 38, 7, 28, 17, 84, 29, 30, 8, 88];
label[474] = [2, 69, 14, 31, 10, 79];
label[475] = [2, 56, 33, 31];
label[476] = [86, 29, 2, 9, 14, 56, 19, 25, 31, 49, 79, 51];
label[477] = [29, 0, 2, 8, 95, 5, 84, 25, 14, 28, 27, 18, 51, 20, 17, 19, 48, 43, 7];
label[478] = [0, 7, 52, 8, 10, 2, 14, 17, 31, 50, 79, 95, 96, 41, 32, 58, 9, 28, 106, 18, 12, 49, 67];
label[479] = [36, 9, 2, 28, 22, 50, 79, 8, 105, 95, 14, 34, 88, 51, 19, 49, 92, 61, 103, 30, 64];
label[480] = [2, 95, 14, 51, 121, 30, 79, 7, 18, 86, 61, 36, 28, 88, 32, 72, 102, 73, 29, 56, 34, 19];
label[481] = [56, 41, 10, 84, 25, 31, 7, 28, 0, 8, 13, 30, 52, 48, 73, 78, 2, 141, 20, 22, 61, 36, 21, 17, 55, 51];
label[482] = [52, 31, 73, 7, 98, 30, 84, 2, 41, 8, 90, 0, 89, 13, 24, 22, 10, 36, 37, 26, 45, 118, 44, 18, 38, 14, 21, 78, 28, 48, 141, 43, 56, 58, 65, 88, 17];
label[483] = [0, 14, 32, 7, 2, 5, 10, 141, 28, 37, 31, 24, 45, 8, 101, 78, 30, 15, 52, 48, 36, 43, 41, 73];
label[484] = [7, 10, 8, 98, 64, 31, 0, 90, 30, 46, 73, 62, 41, 2, 14, 48, 65, 45, 18, 37, 9, 122, 89, 28, 36, 25, 22, 59, 110, 96, 84, 24, 105, 68, 78, 88];
label[485] = [50, 56, 52, 86, 14, 2, 51, 79, 89, 8, 25, 95, 48, 30, 83, 53, 41, 9];
label[486] = [14, 2, 59, 51, 19, 141, 79, 102, 27, 34, 37, 32, 28, 95, 7, 10, 31, 52, 69, 76, 0, 22, 8, 46, 73, 75, 89, 94, 41, 30, 56];
label[487] = [0, 30, 8, 21, 88, 26, 41, 90, 105, 18, 36, 44, 46, 84, 25, 73, 78, 10, 7, 31, 37, 28, 48, 55, 2, 43, 9, 89, 24, 17, 1, 56];
label[488] = [2, 92, 102, 12, 34, 14, 109, 56, 8, 79];
label[489] = [2, 57, 95, 50, 52, 98, 79, 84, 14, 73, 51, 48, 7, 32, 5, 68, 88, 89];
label[490] = [79, 7, 28, 64, 14, 19, 51, 2, 73, 0, 8, 48, 50, 69, 95, 34, 4, 30, 32, 25, 84, 62];
label[491] = [56, 52, 14, 2, 30, 69, 79, 88, 0, 95, 46, 48, 8, 10, 7, 84, 120, 97, 45, 18, 68, 5, 65, 32, 75, 78, 25, 37, 6, 15];
label[492] = [19, 100, 86, 31, 12, 14, 51, 2, 0, 55, 17, 79, 95, 32, 29, 71, 50, 52];
label[493] = [2, 73, 14, 28, 0, 118, 36, 48, 51, 49, 84, 8, 25, 29, 88, 7, 95, 50, 61, 79, 34, 105, 56, 26, 5, 10, 47, 94, 12, 141, 32, 19, 58, 41, 42, 31];
label[494] = [8, 2, 79, 17, 32, 28, 14, 7, 26, 92, 22, 52, 95, 46, 0, 50, 36, 84];
label[495] = [14, 8, 57, 2, 7, 102, 95, 37, 61, 68, 71, 56, 86, 32, 5, 51, 0];
label[496] = [4, 2, 39, 13, 32, 40, 62, 69, 84, 86, 14, 88, 7, 8];
label[497] = [8, 14, 10, 79, 2, 19, 51, 32, 4];
label[498] = [5, 18, 95, 14, 2, 19, 79, 32, 51, 56];
label[499] = [26, 14, 7, 54, 55, 8, 29, 56, 2, 31, 58, 28, 51, 10, 95, 19, 30];
label[500] = [28, 2, 36, 0, 56, 52, 14, 51, 95, 25, 69, 19, 79, 49, 102, 64, 61, 50];
label[501] = [8, 14, 79, 0, 2, 51, 58, 31, 17, 69, 28];
label[502] = [2, 32, 71, 14, 19, 51, 79, 50, 20, 30, 52];
label[503] = [36, 14, 25, 2, 8, 30, 95, 32, 84, 79, 7, 56, 51, 19, 27, 88, 58, 6, 43, 28, 55, 86, 49, 139, 52, 64, 0];
label[504] = [14, 2, 36, 51, 52, 25, 141, 84, 114, 50, 9, 79];
label[505] = [32, 14, 2, 79, 51, 10, 19, 95, 50];
label[506] = [2, 14, 10, 25, 36, 46, 86, 28, 84, 79, 56, 5, 32, 95, 1, 106, 51, 7, 141, 26, 0, 18, 8];
label[507] = [25, 95, 2, 14, 79, 70, 0, 73, 51, 31, 39, 96, 7];
label[508] = [8, 55, 61, 2, 32, 79, 14, 36, 64, 95, 18, 31, 106, 51, 20, 34, 88, 0, 7, 41];
label[509] = [48, 2, 7, 4, 8, 28, 32, 14, 58, 17, 104, 36, 106, 10, 9, 121, 50, 88, 89];
label[510] = [8, 46, 41, 7, 10, 31, 48, 37, 58, 73, 78, 30, 110, 28, 0, 21, 79, 18, 26];
label[511] = [128, 36, 22, 79, 28, 2, 9, 7, 14, 89, 49, 88, 11, 102, 51, 10, 90, 84, 17, 50, 43, 52, 25, 20, 53, 6];
label[512] = [7, 8, 0, 10, 106, 37, 48, 31, 30, 17, 65, 44, 28, 13, 21, 105, 26, 78, 52, 36, 68];
label[513] = [10, 7];
label[514] = [95, 2, 51, 14, 61, 32, 25, 7, 71];
label[515] = [56, 28, 95, 106, 29, 2, 14, 84, 19, 79, 69, 89, 25, 7, 51, 90, 53, 36, 50, 52, 58];
label[516] = [61, 2, 14, 28, 7, 0, 50, 21, 73, 52, 79, 9, 5, 57, 32, 56];
label[517] = [5, 50, 52, 56, 79, 31, 2, 14, 51, 0, 32, 19, 102, 7, 37];
label[518] = [14, 39, 84, 2, 76, 73, 36, 102, 46];
label[519] = [2, 28, 14, 25, 8, 79, 95, 26, 73, 48, 50, 32];
label[520] = [0, 2, 79, 7, 41, 51, 84, 95, 37, 8, 30, 14, 36, 28, 10, 48, 102, 56, 49, 32, 69];
label[521] = [2, 14, 51, 0, 79, 7, 84, 88, 29, 50, 28, 48, 56, 95, 52, 25, 86, 32, 19];
label[522] = [7, 56, 10, 0, 21, 18, 8, 41, 44, 78, 52, 25, 48, 68, 73, 36, 19, 30, 83, 14, 2, 95, 84, 28, 79, 61, 88, 97, 121, 29, 90, 37, 50, 22, 34, 149, 141, 51, 102, 92, 55, 27, 23];
label[523] = [5, 53, 10, 7, 104, 2, 52, 90, 0, 36, 121, 31, 56, 8, 48, 21, 37, 78, 26, 30, 11, 73, 41, 28, 44, 88, 14];
label[524] = [10, 28, 7, 30, 0, 37, 41, 31, 6, 56, 18, 2, 8];
label[525] = [7, 10, 8, 18, 30, 31, 37, 28, 44, 73];
label[526] = [36, 2, 14, 95, 88, 10, 7, 79, 90, 21, 9, 78, 104, 44, 43, 28, 17, 105, 64, 92, 121, 118, 25, 84];
label[527] = [25, 2, 14, 31, 61, 84, 10, 36, 79, 8, 5, 18, 76, 62, 30, 56, 58, 95, 93, 28, 32, 7, 46, 0];
label[528] = [89, 2, 14, 51, 25, 32, 0, 31, 10, 28, 95, 84, 7, 52, 22, 50, 61, 98, 76, 56];
label[529] = [2, 41, 25, 48, 14, 28, 32, 84, 53, 90, 88, 17, 4, 55];
label[530] = [30, 37, 10, 36, 7, 98, 0, 118, 25, 73, 41, 2, 43, 8, 18, 52, 78, 50, 15, 48, 22, 26];
label[531] = [95, 79, 14, 2, 19, 51, 49, 34, 31, 7];
label[532] = [88, 26, 7, 15, 28, 0, 8, 110, 90, 122, 10, 31, 37, 43, 48, 73, 22, 98, 44, 41, 78, 30, 52];
label[533] = [14, 22, 2, 84, 93, 36, 41, 56, 7, 32, 10, 25, 139, 102, 28, 61, 79, 35, 88, 46, 26, 12, 0, 19];
label[534] = [31, 2, 10, 52, 56, 0, 28, 7];
label[535] = [56, 23, 26, 2, 73, 95, 14, 10, 37, 52, 0, 79, 50, 88, 30, 7, 28, 41];
label[536] = [52, 79, 31, 21, 8, 14, 2, 51, 36, 54, 22, 4, 89, 61, 39];
label[537] = [7, 2, 28, 8, 73, 30, 14, 88, 79, 95, 26, 51, 36, 92, 149, 19, 102, 62, 50];
label[538] = [56, 84, 50, 79, 95, 10, 26, 37, 31, 2, 52, 30, 42, 28, 78, 43, 8, 67, 15];
label[539] = [14, 28, 2, 25, 79, 30, 95, 61, 102, 84, 50];
label[540] = [2, 14, 32, 12, 61, 51, 19, 95, 50, 52, 7];
label[541] = [2, 37, 95, 25, 50, 79, 14, 52, 51, 32, 61, 7, 56, 73, 28, 93];
label[542] = [50, 2, 56, 84, 37, 95, 10, 68, 28, 79, 14, 12];
label[543] = [2, 30, 7, 0, 41, 18, 95, 79, 19, 10, 48, 50, 21, 73, 105, 83, 56];
label[544] = [14, 2, 51, 19, 79, 10, 12];
label[545] = [52, 7, 10, 31, 37, 13, 44, 30];
label[546] = [41, 48, 8, 7, 62, 0, 73, 30, 31, 78, 45, 10, 46, 36, 64, 44, 18, 25, 83, 98, 37, 21, 110, 104, 123];
label[547] = [43, 10, 37, 31, 7, 30, 78, 48, 56, 26, 8, 23, 0, 41, 73, 89, 46, 52];
label[548] = [7, 95, 41, 10, 37, 28, 23, 2, 31, 73, 22, 36, 48, 86, 18, 8, 0, 30, 25, 43];
label[549] = [18, 8, 14, 102, 25, 2, 5, 79, 51, 61, 95];
label[550] = [56, 73, 30, 8, 7, 10, 41, 0, 90, 36, 48, 22, 43, 52, 26, 31, 37, 88, 21, 28, 44];
label[551] = [30, 78, 10, 31, 7, 118, 22, 73, 25, 84, 48, 8, 41, 28, 43, 26, 0, 110, 45, 18, 52, 2, 68, 93, 17, 90, 37, 36, 76, 98];
label[552] = [7, 83, 10, 52, 31, 28];
label[553] = [10, 7, 0, 31, 8, 37, 41, 44, 36, 56, 73];
label[554] = [2, 86, 73, 25, 14, 100, 52, 48, 95, 84, 0, 61, 32, 49, 82, 79, 19, 50, 36, 10, 37, 8, 88, 51, 28, 56];
label[555] = [95, 2, 61, 14, 109, 28, 102, 5, 10, 34, 55, 79, 49];
label[556] = [93, 2, 95, 28, 14, 69, 0, 60, 10, 36, 51, 102, 9, 8];
label[557] = [84, 25, 2, 37, 90, 28, 48, 95, 43, 62, 20, 22, 14, 78, 32, 27, 68, 7, 58, 52, 36];
label[558] = [51, 89, 2, 14, 8, 79, 25, 95, 12, 61, 28, 22, 17, 86, 69, 114, 102, 58, 7];
label[559] = [2, 51, 14, 25, 4, 8, 0, 96, 7, 17, 9, 18, 15, 29, 95, 102, 121, 32, 34, 36, 44, 69, 79, 19, 88, 28, 30];
label[560] = [10, 37, 7, 24, 30, 48, 0, 8, 52, 18, 44, 41];
label[561] = [2, 95, 84, 1, 14, 28, 25, 23, 8, 32, 38, 22, 0, 7, 89, 83];
label[562] = [2, 14, 17, 79, 22, 28, 95, 46, 19, 64, 51, 25];
label[563] = [94, 10, 7, 31, 2, 37, 48, 30, 73, 8, 95, 12, 89, 41, 88, 9, 56, 28, 21, 54, 44];
label[564] = [37, 28, 7, 30, 10, 36, 73, 41, 0, 8, 45, 90, 17, 25, 31, 62, 118, 44, 101, 98, 110, 105, 18, 59, 26, 48, 52];
label[565] = [2, 14, 52, 71, 5, 141, 95, 51, 18, 28, 50, 12, 39, 56, 61, 25, 79];
label[566] = [2, 14, 11, 79, 43, 58, 7, 25, 37, 31, 51];
label[567] = [56, 14, 2, 51, 19, 29, 28, 124];
label[568] = [2, 56, 5, 95, 14, 19, 31, 32, 79, 51];
label[569] = [2, 8, 14, 61, 56, 60, 95, 28, 20, 19, 79, 25, 34, 98, 32, 0, 84];
label[570] = [14, 8, 57, 9, 52, 50, 2, 64, 51, 0, 19, 79, 84, 26, 43, 18, 95, 65];
label[571] = [26, 10, 21, 48, 7, 45, 0, 43, 8, 30, 2, 31, 62, 105, 13, 15, 17, 28, 52, 73, 88, 87, 22, 25, 89, 55, 41];
label[572] = [2, 10, 95, 14, 102, 29, 79, 61, 19, 73, 36, 37, 0, 32, 28, 27, 88, 25, 56];
label[573] = [14, 2, 95, 79, 34, 52, 32, 51, 10, 25, 84, 19, 12, 0, 8];
label[574] = [50, 58, 5, 14, 2, 95, 84, 79, 52, 0, 89, 8, 48];
label[575] = [14, 2, 52, 0, 8, 36, 28, 51, 79];
label[576] = [25, 95, 2, 56, 7, 31, 84, 14, 10, 65];
label[577] = [28, 2, 56, 50, 52, 7, 48, 103, 91, 29, 95, 0, 8, 73, 14, 89, 68, 86];
label[578] = [2, 10, 14, 29, 95, 28, 52, 37, 93];
label[579] = [2, 34, 14, 29, 79, 37, 52, 95, 32, 28, 35, 0, 141, 25, 84, 56];
label[580] = [2, 10, 95, 93, 61, 14, 55, 52, 56, 40, 84, 34, 79, 17, 86, 28, 23, 31, 0, 37];
label[581] = [4, 56, 2, 14, 61, 25, 0, 52, 95, 58, 43, 28, 84, 39, 51, 93, 141, 73, 67, 48, 37, 79, 104];
label[582] = [109, 12, 14, 28, 49, 61, 67, 79, 2];
label[583] = [48, 55, 14, 30, 52, 2, 36, 18, 28, 34, 22, 58, 43];
label[584] = [2, 95, 50, 14, 32, 84, 25, 37, 28, 122, 62, 93, 79, 102, 8, 104, 36, 128, 91, 88, 49, 12, 61, 56];
label[585] = [2, 95, 14, 52, 84, 25, 8, 48, 6, 141, 79, 23, 50, 56, 29, 28, 38, 58, 55];
label[586] = [52, 8, 2, 28, 56, 0, 14, 95, 19, 5, 79, 106, 10, 50, 25, 84];
label[587] = [50, 95, 14, 9, 8, 79, 5, 2, 31, 56, 19, 28, 34, 86, 48, 0, 58];
label[588] = [2, 50, 41, 79, 56, 95, 14, 52, 141, 106];
label[589] = [9, 2, 12, 14, 27, 109, 25, 32, 34, 50, 59, 61, 79, 84, 95, 102, 19, 28, 57, 73, 48, 69];
label[590] = [21, 2, 91, 7, 10, 31, 37, 40, 18, 52, 78, 0, 95, 64, 14, 79, 44, 50];
label[591] = [48, 0, 2, 28, 14, 7, 95, 51, 55, 79, 10, 18, 37, 86];
label[592] = [4, 2, 86, 10, 29, 7, 84, 14, 51, 20, 25, 36, 0, 50, 95, 79, 18, 46, 91, 19, 28, 49, 17, 90, 64];
label[593] = [79, 2, 4, 14, 20, 28, 95, 90, 22, 89, 52, 50];
label[594] = [56, 2, 79, 14, 93, 48, 29, 95, 25, 19, 0, 32, 37, 52, 28, 70, 98, 50, 86];
label[595] = [2, 57, 10, 14, 25, 19, 51, 69, 79];
label[596] = [7, 4, 25, 10, 23, 2, 97, 0, 95, 31, 37, 75, 30, 52];
label[597] = [7, 52, 73, 10, 30, 21, 28, 8, 41, 25, 37, 84, 17, 0, 36, 14, 95, 65, 88, 50, 2, 44, 22, 48, 79, 98, 4, 18, 97, 78];
label[598] = [2, 46, 0, 31, 52, 90, 50, 14, 36, 28, 37, 29, 95, 7, 42, 48, 18, 25, 84, 86, 43, 64, 13, 79, 32, 17];
label[599] = [30, 73, 2, 48, 0, 52, 7, 10, 8, 90, 18, 44, 37, 14, 36, 88, 84, 25, 21, 28, 95, 105, 79, 86, 110, 141, 41, 55];
label[600] = [7, 18, 73, 44, 10, 98, 30, 26, 31, 37, 48, 65, 105, 22, 8, 36, 78, 0, 2, 45, 25, 41, 23, 90, 21, 84, 141, 50];
label[601] = [79, 14, 25, 49, 32, 2, 86, 51, 34, 102, 82, 84, 19];
label[602] = [2, 14, 79, 8, 0, 28, 58, 73, 96, 50, 34, 59, 27, 32, 94, 15, 52];
label[603] = [7, 10, 31, 30, 36, 105, 86, 8, 28, 0];
label[604] = [2, 5, 14, 60, 95, 28, 25, 79, 31, 36, 83, 52, 50, 56];
label[605] = [2, 49, 64, 75, 10, 4, 46, 43, 7, 24, 26, 31];
label[606] = [2, 14, 121, 56, 95, 36, 88, 60, 51, 71, 37, 104, 0, 24, 50, 28, 52];
label[607] = [73, 92, 28, 8, 0, 95, 30, 84, 44, 53, 27, 52, 7, 2, 41, 14, 48, 25, 61, 79, 141, 32, 51, 10, 89, 86, 102, 23];
label[608] = [73, 8, 41, 48, 7, 30, 0, 52, 2, 25, 10, 31, 19, 44, 28, 37, 58, 36, 14, 56];
label[609] = [2, 0, 95, 12, 14, 79, 28, 10, 93, 48, 30];
label[610] = [30, 79, 2, 26, 88, 14, 50, 10, 118, 37, 141, 28, 84, 29, 95, 7, 68];
label[611] = [95, 14, 2, 59, 29, 10, 58, 8, 0, 4, 7, 32, 21, 30, 53, 54];
label[612] = [0, 50, 2, 79, 95, 14, 52, 8, 84, 73, 88, 39, 48, 41, 76];
label[613] = [7, 30, 52, 10, 8, 90, 48, 141, 26, 31, 78, 44, 110];
label[614] = [2, 95, 25, 84, 14, 69, 61, 32, 73, 79, 19, 9, 4, 55];
label[615] = [52, 30, 26, 28, 50, 7, 9, 105, 10, 22, 2, 6, 20, 37];
label[616] = [2, 39, 0, 48, 30, 52, 67, 8, 37, 29, 90, 28, 25, 10, 36, 14, 79, 24, 141, 50, 20, 93, 94, 61, 84, 41, 73, 68, 56, 95];
label[617] = [56, 2, 28, 37, 52, 7, 26, 43, 0, 41, 76, 10, 29, 8, 90, 86, 30, 14, 149, 34, 61, 93, 44, 48, 73, 4, 88, 83, 95, 141, 84, 25];
label[618] = [2, 37, 68, 7, 30, 50, 95, 14, 52, 26, 25, 93];
label[619] = [73, 14, 25, 2, 28, 79, 50, 52, 84, 61, 95, 141, 48, 90];
label[620] = [52, 28, 2, 32, 79];
label[621] = [14, 10, 37, 0, 2, 28, 19, 41, 95, 7, 48, 50, 93, 29, 71];
label[622] = [10, 37, 7, 21, 28, 31, 0, 2];
label[623] = [14, 118, 25, 2, 89, 84, 73, 28, 0, 41, 30, 7, 95, 48, 37, 79, 50, 19, 101, 32, 10, 29, 56, 58];
label[624] = [2, 14, 84, 32, 56, 25, 79, 37, 62, 52, 36, 0, 86, 10, 9, 30, 95, 88, 58, 69, 19, 8];
label[625] = [14, 2, 86, 51, 12, 61, 25, 79, 71, 95, 5];
label[626] = [8, 55, 7, 14, 2, 32, 79, 36, 51, 92, 39, 84, 44, 86, 0, 68, 25, 41, 28, 54, 95, 48, 10, 102, 61, 57, 88];
label[627] = [7, 10, 29, 14, 2, 102, 90, 25, 101, 95, 48];
label[628] = [37, 90, 10, 2, 73, 22, 0, 29, 28, 52, 14, 93, 51, 62, 21, 48, 100, 95, 86, 56, 71, 20, 68, 50];
label[629] = [73, 106, 11, 7, 14, 2, 94, 48, 8, 10, 28, 30, 17, 0, 22, 90, 31];
label[630] = [34, 2, 14, 95, 17, 64, 79, 7, 46, 31, 61, 51, 114, 32, 57, 10, 102];
label[631] = [2, 25, 14, 28, 79, 95, 51, 31, 52, 88, 56];
label[632] = [32, 14, 27, 2, 28, 95, 8, 56, 19, 61, 49, 51, 84, 94];
label[633] = [2, 56, 95, 14, 79, 92, 28, 7, 32, 12, 100, 61, 50];
label[634] = [2, 50, 56, 14, 95, 37, 49, 55, 52, 79, 102, 32, 28, 0, 86];
label[635] = [8, 28, 7, 2, 57, 51, 95, 10, 14, 19, 18, 37, 25, 84, 0];
label[636] = [10, 7, 37, 31, 78, 25, 9, 22, 28, 30, 48, 44, 0, 8, 18, 21, 52, 84, 41, 43, 26, 89, 93, 105];
label[637] = [14, 2, 17, 28, 32, 51, 102, 34, 11, 58, 56, 94, 95, 7, 37];
label[638] = [28, 2, 14, 51, 32, 84, 10];
label[639] = [2, 32, 14, 18, 104, 10, 29, 95, 79, 141, 52, 51, 28, 64, 68, 61, 8, 48, 0, 86, 73, 71, 69, 19, 25];
label[640] = [2, 28, 14, 7, 37, 19, 10, 29, 5, 65, 8];
label[641] = [2, 28, 95, 58, 15, 14, 19, 0, 73, 79, 43, 8, 22, 32, 84, 10, 48, 62, 36, 25, 141, 88, 7, 52, 50, 51, 56];
label[642] = [0, 2, 48, 14, 52, 88, 79, 32, 95, 28, 69, 84, 25, 49, 58, 73];
label[643] = [28, 95, 25, 84, 79, 32, 2, 14, 102, 27, 49, 29];
label[644] = [31, 2, 17, 7, 30, 37, 25, 36, 14, 28, 106, 88, 10, 8, 26, 21, 51, 5, 62, 56, 78, 52, 0, 43, 58, 44, 48, 95];
label[645] = [79, 14, 51, 61, 12, 2, 25, 4, 52, 84, 28, 19, 31, 89, 95, 59, 48, 83, 10, 73, 32, 55];
label[646] = [14, 2, 36, 52, 58, 19, 104, 95, 79, 141, 102, 32, 7, 61, 26, 25, 55, 56, 64];
label[647] = [14, 61, 56, 9, 8, 39, 5, 2, 12, 67, 28, 32, 10, 51, 71, 79, 102];
label[648] = [48, 2, 14, 56, 57, 51, 102, 79, 61, 32, 28, 9, 75, 5, 12, 8, 34, 19, 95];
label[649] = [50, 52, 2, 36, 95, 42, 14, 79, 61, 98, 28, 0, 9, 15, 22, 26, 97, 58, 48, 17, 41, 83];
label[650] = [7, 8, 31, 73, 10, 22, 25, 48, 52, 58, 21, 78, 118, 28, 84, 88, 0, 17, 80, 41, 30];
label[651] = [46, 7, 8, 48, 62, 53, 10, 13, 22, 37, 88, 36, 41, 31, 105, 84, 90, 4, 2, 0, 101, 50, 110, 45, 9, 30, 73, 29];
label[652] = [0, 30, 37, 73, 10, 48, 7, 28, 105, 44, 17, 31, 41, 8];
label[653] = [14, 2, 31, 10, 79, 28, 29, 95, 19];
label[654] = [37, 84, 8, 93, 7, 18, 10, 30, 46, 41, 88, 0, 31, 52, 25, 36, 26, 45, 49];
label[655] = [2, 52, 95, 28, 30, 14, 34, 79, 19, 51, 50, 61, 32, 102, 27];
label[656] = [9, 31, 10, 7, 22, 52, 78, 50, 44, 37, 18];
label[657] = [26, 37, 48, 90, 7, 10, 41, 0, 95, 36, 46, 30, 44, 8, 2, 14, 79, 84, 25, 64, 88, 21, 52, 78, 141, 28, 121, 105, 118, 31, 49, 18];
label[658] = [7, 25, 36, 41, 18, 30, 44, 8, 10, 48, 50, 31];
label[659] = [79, 51, 2, 14, 95, 28, 64, 69, 31, 58, 36, 48, 53, 17, 32];
label[660] = [7, 0, 36, 30, 8, 41, 2, 52, 37, 17, 10, 48, 26, 28, 105, 31, 25, 45, 21];
label[661] = [0, 10, 22, 43, 48, 58, 7, 31, 52];
label[662] = [7, 30, 8, 0, 10, 41, 37, 28, 78, 25, 1, 36, 23, 106, 90, 31, 62, 48, 52, 17, 24, 45, 18, 44];
label[663] = [73, 75, 10, 25, 50, 2, 95, 32, 84, 14, 103, 22, 51, 12, 61, 52, 79, 46, 23, 56, 41, 0, 8, 94];
label[664] = [7, 95, 69, 2, 14, 19, 51, 32, 50, 52, 100];
label[665] = [7, 36, 8, 73, 48, 14, 12, 32, 84, 79, 2, 0, 95, 88, 41, 10, 28, 18, 25, 17, 37, 83, 52];
label[666] = [2, 56, 8, 14, 95, 28, 104, 61, 26, 32, 12, 52];
label[667] = [14, 2, 79, 0, 32, 84, 73, 95, 52];
label[668] = [2, 25, 39, 84, 14, 79, 96, 86, 98, 95, 13, 19, 28, 32, 49, 51, 67, 5, 9];
label[669] = [0, 8, 2, 95, 36, 58, 99, 14, 37, 25, 51, 49, 79, 30];
label[670] = [7, 21, 8, 10, 0, 30, 78, 2, 88, 18, 26, 121, 56, 36, 43, 41];
label[671] = [0, 2, 8, 27, 30, 28, 89, 5, 14, 79, 49, 32, 51];
label[672] = [2, 79, 28, 55, 14, 88, 141, 10, 7, 95, 47, 5, 102, 17, 19, 34, 61, 1, 32, 36, 50, 52];
label[673] = [58, 42, 7, 2, 52, 17, 51, 25, 73, 14, 48, 5, 61, 79, 29, 69, 64, 19, 32, 26, 50, 91];
label[674] = [10, 52, 7, 2, 25, 95, 83, 14, 51, 88, 28, 87, 84, 36, 96, 30, 46, 0, 32, 56, 49, 15, 141, 73];
label[675] = [2, 9, 53, 8, 14, 51, 32, 69, 90, 7, 29, 95, 37, 56];
label[676] = [14, 0, 7, 25, 20, 36, 10, 141, 18, 21, 44, 26, 48, 56, 88, 121];
label[677] = [0, 21, 2, 36, 7, 14, 79, 95, 121, 105, 88, 96, 17, 30, 10, 52, 44, 28, 29, 73, 9];
label[678] = [22, 2, 73, 14, 25, 34, 19, 56, 89, 0, 8, 94, 28, 86, 51, 76, 41, 84, 92];
label[679] = [30, 48, 10, 8, 52, 7, 62, 0, 19, 98, 1, 41, 57, 31, 112, 25, 22, 90, 84, 73, 45, 37];
label[680] = [48, 0, 88, 8, 2, 14, 18, 73, 62, 9, 56, 95, 46, 86, 36, 25, 84, 69, 41, 53, 22, 121];
label[681] = [2, 95, 14, 25, 30, 73, 7, 26, 18, 141, 88, 84, 19, 89, 8, 0, 99, 41, 52, 76, 17, 86];
label[682] = [50, 14, 95, 102, 2, 79, 25, 32, 69, 39, 28, 12, 51, 19, 100, 49, 8, 56];
label[683] = [25, 10, 7, 73, 98, 0, 8, 21, 28, 84, 105, 17, 18, 36, 48, 37, 41, 52];
label[684] = [56, 48, 65, 7, 21, 14, 30, 0, 8, 95, 32, 10, 44, 2, 54, 73, 89, 94, 76, 64, 25, 43, 84, 9];
label[685] = [2, 0, 7, 43, 10, 28, 76, 88, 25, 48, 51, 95, 32, 69, 84];
label[686] = [0, 8, 7, 10, 52, 78, 48, 105, 30, 31, 44, 28, 41, 68, 45, 43, 36, 73, 21];
label[687] = [14, 2, 51, 84, 79, 0, 24, 104, 41, 95, 73, 19, 32, 102, 88, 69, 34, 52, 7];
label[688] = [50, 68, 2, 65, 14, 88, 0, 98, 105, 10, 18, 31, 7, 32, 84, 28, 51, 79, 19, 25, 34];
label[689] = [88, 8, 0, 30, 44, 37, 25, 36, 7, 10, 28, 48, 50, 52, 68, 105, 26, 62, 51, 9];
label[690] = [36, 48, 51, 2, 14, 61, 28, 19, 141, 9, 102, 79, 86, 18, 25, 109, 64, 101, 95, 55, 5, 52, 104, 91, 73, 88, 50];
label[691] = [1, 79, 51, 14, 2, 19, 98, 17, 88, 8, 18, 25, 61, 36];
label[692] = [10, 30, 18, 44, 0, 8, 73, 52, 7, 26, 21, 22, 78, 48, 90, 41, 37, 43, 98];
label[693] = [8, 53, 31, 37, 7, 44, 30, 10, 0, 2, 45, 17];
label[694] = [8, 0, 7, 10, 31, 78, 30, 43, 79, 48, 52, 26, 2];
label[695] = [0, 22, 58, 52, 8, 41, 7, 30, 10, 2, 88, 26, 21, 78, 48, 17, 28, 110, 44, 9, 25, 54, 43, 76, 37];
label[696] = [2, 60, 17, 14, 36, 25, 104, 28, 61, 30, 89, 5, 32, 19, 69, 29, 79, 51, 7, 83, 73, 90, 84];
label[697] = [0, 73, 46, 41, 8, 88, 89, 75, 5, 2, 59, 14, 48, 36, 76, 94, 9, 54, 79, 10, 25, 95, 28, 96, 56, 21, 83, 64, 7, 86];
label[698] = [14, 64, 2, 8, 39, 52, 28, 29, 51, 26, 25, 19];
label[699] = [0, 7, 105, 10, 45, 48, 8, 26, 52, 14, 37, 31, 18, 2, 30, 41];
label[700] = [14, 2, 51, 61, 52, 56, 95, 10, 79, 69, 26];
