40.0215 116.36 学清路8号科技财富中心A座10层 14 698
40.0215 116.36 学清路8号科技财富中心A座10层 14 698
40.0215 116.36 学清路8号科技财富中心A座301室 64 698
40.0215 116.36 学清路8号科技财富中心A座308 2 698
40.0215 116.36 学清路8号科技财富中心A座703 2 698
40.0215 116.36 学清路8号科技财富中心A座 8 698
40.0215 116.36 学清路8号科技财富中心A座9层 2 698
40.0216 116.36 北京学清路8号科技财富中心B座1103 2 698
40.0216 116.36 学清路8号科技财富中心 14 698
40.0216 116.36 学清路8号科技财富中心A座3A06 14 698
40.0216 116.36 学清路8号科技财富中心A座5层 14 698
40.0216 116.36 学清路8号科技财富中心A座6层 2 698
40.0216 116.36 学清路8号科技财富中心A座9层 2 698
40.0218 116.36 学清路8号科技财富中心b座1506 39 698
40.0219 116.36 学清路8号科技财富中心1层大厅 52 698
40.0219 116.36 学清路8号科技财富中心b座10层 2 698
40.0219 116.36 学清路8号科技财富中心B座1107 2 698
40.0219 116.36 学清路8号科技财富中心B座1层中国银行 28 698
40.0219 116.36 学清路8号科技财富中心B座2层 2 698
40.0219 116.36 学清路8号科技财富中心B座3A层 29 698
40.0219 116.36 学清路8号科技财富中心B座608室 2 698
40.0221 116.36 学清路8号科技财富中心B座1103 2 698
40.0221 116.36 学清路8号科技财富中心B座303A 14 698
40.0221 116.36 学清路8号科技财富中心B座303B 51 698
40.0221 116.36 学清路8号科技财富中心B座502 14 698
40.0221 116.36 学清路8号科技财富中心B座502 14 698
40.0221 116.36 学清路8号科技财富中心B座507 2 698
40.0221 116.36 学清路8号科技财富中心B座605 2 698
40.0221 116.36 学清路8号科技财富中心B座705-706 2 698
40.0221 116.36 学清路8号科技财富中心B座801 2 698
40.022 116.36 北京学清路8号财富科技中心B座10层 2 698
40.022 116.36 学清路8号科技财富中心1层大厅 52 698
40.022 116.36 学清路8号科技财富中心1层大厅 52 698
40.022 116.36 学清路8号科技财富中心B座1103、12层 14 698
40.022 116.36 学清路8号科技财富中心B座11层 14 698
40.022 116.36 学清路8号科技财富中心B座15层 2 698
40.022 116.36 学清路8号科技财富中心B座15层 2 698
40.022 116.36 学清路8号科技财富中心B座16层 14 698
40.022 116.36 学清路8号科技财富中心B座16层 2 698
40.022 116.36 学清路8号科技财富中心B座16层 2 698
40.022 116.36 学清路8号科技财富中心B座1层 26 698
40.022 116.36 学清路8号科技财富中心B座202-205 25 698
40.022 116.36 学清路8号科技财富中心B座 2 698
40.022 116.36 学清路8号科技财富中心B座301 14 698
40.022 116.36 学清路8号科技财富中心B座302 14 698
40.022 116.36 学清路8号科技财富中心B座3AF 2 698
40.022 116.36 学清路8号科技财富中心B座3层 14 698
40.022 116.36 学清路8号科技财富中心B座3层 14 698
40.022 116.36 学清路8号科技财富中心B座3层308-309室 2 698
40.022 116.36 学清路8号科技财富中心B座5层 14 698
40.022 116.36 学清路8号科技财富中心B座5层 19 698
40.022 116.36 学清路8号科技财富中心B座5层 2 698
40.022 116.36 学清路8号科技财富中心B座6层 2 698
40.022 116.36 学清路科技财富大厦B座607 2 698
